1
0
0

3
2       1        1       1        0       1        3
2          2             1          1             0          0             
0
1     1
1
1
1     1
1
2
1     1
1
3
2       1        1       1        0       1        2
1          2             0          1             
0
1     1
1.41421356237309514547462185874
1
1     1
1.41421356237309514547462185874
3
2       1        1       1        0       1        2
2          1             1          0             
1
1     1
1.41421356237309514547462185874
2
1     1
1.41421356237309514547462185874
3
2       1        1       1        0       1        3
2          2             1          1             0          0             
0
1     1
-1
1
1     1
0
2
1     1
1
3
2       1        1       1        0       1        2
1          2             0          1             
0
1     1
1.41421356237309514547462185874
1
1     1
1.41421356237309514547462185874
3
2       1        1       1        0       1        2
2          1             1          0             
1
1     1
1.41421356237309514547462185874
2
1     1
1.41421356237309514547462185874
3
2       1        1       1        0       1        3
2          2             1          1             0          0             
0
1     1
-1
1
1     1
0
2
1     1
1
