19
5
2       3        1       2        0       1        4       1        3       2        5
4          4             3          3             2          2             1          1             0          0             
0
1     1
1
1
2     2
-0.999999314422562624038448575448 0.0011709630245661517555788577738
0.0011709630245661517555788577738  0.999999314422562624038448575448
2
3     3
    -1.99999127082099104057988370187   0.00295345188609341668950492021395 -0.000132722168269455709221915640228
  0.00295345188609341668950492021395     -1.00000779644400195067532877147   0.00136164858938286892353630719299
-0.000132722168269538975948762526968   0.00136164858938286892353630719299     0.999999067264992991255212473334
3
2     2
 -0.999999296840204054959144741588 0.00118588325641905134588682813046
0.00118588325641905134588682813046   0.999999296840204054959144741588
4
1     1
1
5
1       2        2       3        3       2        4       1        0       1        5
4          4             3          3             2          2             1          1             0          0             
0
1     1
1
1
2     2
0.999999999999999888977697537484                                0
                               0 0.999999999999999888977697537484
2
3     3
     1.00000000000000022204460492503  1.11022302462515654042363166809e-16 -8.32667268468867405317723751068e-17
 1.11022302462515654042363166809e-16      1.00000000000000022204460492503                                    0
-8.32667268468867405317723751068e-17                                    0      1.00000000000000022204460492503
3
2     2
1 0
0 1
4
1     1
1
5
1       2        2       3        3       2        4       1        0       1        4
3          4             2          3             1          2             0          1             
0
2     1
0.999414346992994695462186882651
 -1.0005853102182573621803385322
1
3     2
   1.15262586649274290095945616486 0.00146700029434443379727781575639
 -0.710378257182485484122480556834    0.70668581389073070742057325333
 -0.408431565398940543687444915122   -1.22498694211641812046309496509
2
2     3
  -1.15680277012874621611615566508  -0.703834821286155376540705219668   0.407950849205570287292488274034
-0.0013491990451307556142523935705  -0.707520078331140833682866286836   -1.22450541788112721164338836388
3
1     2
 -1.00059276594247825720174205344 -0.999406882477592906077745738003
5
1       2        2       3        3       2        4       1        0       1        4
4          3             3          2             2          1             1          0             
1
1     2
0.999414346992994695462186882651  -1.0005853102182573621803385322
2
2     3
   1.15262586649274267891485123982  -0.710378257182485484122480556834  -0.408431565398940432665142452606
0.00146700029434432277497535324073   0.706685813890730596398270790814   -1.22498694211641812046309496509
3
3     2
  -1.15680277012874621611615566508 -0.0013491990451307556142523935705
 -0.703834821286155376540705219668  -0.707520078331140833682866286836
  0.407950849205570287292488274034   -1.22450541788112721164338836388
4
2     1
 -1.00059276594247825720174205344
-0.999406882477592906077745738003
5
1       2        2       3        3       2        4       1        0       1        5
4          4             3          3             2          2             1          1             0          0             
0
1     1
-1
1
2     2
   -0.500585481512282992611062582 -0.499999657211281200996921825208
-0.499999657211281200996921825208 -0.499414518487716896366634955484
2
3     3
-0.00482296455879727137272539039259   -0.816458151158285350135201952071 -0.00114963613938925957036474301276
  -0.816458151158285350135201952071  0.00403699546770602823997364794195   -0.577386073360333984538783624885
-0.00114963613938925957036474301276   -0.577386073360333984538783624885 0.000785969091090993332571201790415
3
2     2
 0.499407058371790557593783432822 -0.499999648420101971968421139536
-0.499999648420101971968421139536  0.500592941628209553428519029694
4
1     1
1
5
1       2        2       3        3       2        4       1        0       1        4
3          4             2          3             1          2             0          1             
0
2     1
  -1.0005853102182573621803385322
-0.999414346992994695462186882651
1
3     2
   -1.15680276003136794926717811904 -0.00135782893385438807598575294833
  -0.703829543081100572621267019713   -0.707525329004458414239309149707
   0.407959984152930998924091454683    -1.22450237448431265008252921689
2
2     3
   1.15262587740466893038160378637   -0.71037298520096248122257520663   -0.40844070393851705791377071364
0.00145840156574927881649728078628   0.706691113378895785501754289726    -1.2249838951333893444228806402
3
1     2
0.999406882477592906077745738003 -1.00059276594247825720174205344
5
1       2        2       3        3       2        4       1        0       1        4
4          3             3          2             2          1             1          0             
1
1     2
  -1.0005853102182573621803385322 -0.999414346992994695462186882651
2
2     3
   -1.15680276003136772722257319401   -0.703829543081100461598964557197    0.407959984152930943412940223425
-0.00135782893385449909828821546398   -0.707525329004458414239309149707    -1.22450237448431265008252921689
3
3     2
   1.15262587740466893038160378637 0.00145840156574938983879974330193
 -0.710372985200962370200272744114   0.706691113378895785501754289726
  -0.40844070393851705791377071364    -1.2249838951333893444228806402
4
2     1
0.999406882477592906077745738003
-1.00059276594247825720174205344
5
1       2        2       3        3       2        4       1        0       1        5
4          4             3          3             2          2             1          1             0          0             
0
1     1
-1
1
2     2
-0.499414518487716896366634955484  0.499999657211281200996921825208
 0.499999657211281200996921825208    -0.500585481512282992611062582
2
3     3
  0.00482296455879727137272539039259     0.816458151158285350135201952071   0.00114963613938925957036474301276
    0.816458151158285350135201952071  -0.00403699546770602823997364794195     0.577386073360333984538783624885
  0.00114963613938925957036474301276     0.577386073360333984538783624885 -0.000785969091090993332571201790415
3
2     2
0.500592941628209553428519029694 0.499999648420101971968421139536
0.499999648420101971968421139536 0.499407058371790557593783432822
4
1     1
1
