2
5
2       3        1       2        0       1        4       1        3       2        5
4          4             3          3             2          2             1          1             0          0             
0
1     1
1
1
2     2
 -0.999993998872402589661589900061 0.00346442191166623780773647922615
0.00346442191166623780773647922615   0.999993998872402589661589900061
2
3     3
    -1.99992112155605106238454027334   0.00887089702654314526952816777339 -0.000698917249030789333730240286968
  0.00887089702654320078067939903121     -1.00007044395983424323048893712   0.00406945759985238852962652345013
-0.000698917249030706067003393400228   0.00406945759985238852962652345013     0.999991565515883529258189810207
3
2     2
 -0.999993619503158459593805673649 0.00357224760799423890489379118662
0.00357224760799423890489379118662   0.999993619503158459593805673649
4
1     1
1
5
1       2        2       3        3       2        4       1        0       1        5
4          4             3          3             2          2             1          1             0          0             
0
1     1
1
1
2     2
1.00000000000000022204460492503                               0
                              0 1.00000000000000022204460492503
2
3     3
     1.00000000000000088817841970013 -5.55111512312578270211815834045e-17  8.32667268468867405317723751068e-17
-5.55111512312578270211815834045e-17      1.00000000000000044408920985006  1.11022302462515654042363166809e-16
 8.32667268468867405317723751068e-17  1.11022302462515654042363166809e-16                                    1
3
2     2
1 0
0 1
4
1     1
1
5
1       2        2       3        3       2        4       1        0       1        4
3          4             2          3             1          2             0          1             
0
2     1
0.998266286162331595299690434331
-1.00173071327161911092673562962
1
3     2
   1.14848343008329778491827255493 0.00456247233216022785029508668231
 -0.716930847696650497269388324639   0.705829726784926503313499779324
 -0.408651404555358033210410440006   -1.22547279881396598000264930306
2
2     3
    -1.1610304823371238036600061605   -0.697268825097825284409225332638    0.407215427790653394790609809206
-0.00392219566771179195541208173381   -0.708323905501578643395532708382     -1.2240350735481950739114154203
3
1     2
 -1.00178453152761059996578296705 -0.998212278221424220703283936018
5
1       2        2       3        3       2        4       1        0       1        4
4          3             3          2             2          1             1          0             
1
1     2
0.998266286162331595299690434331 -1.00173071327161911092673562962
2
2     3
   1.14848343008329778491827255493  -0.716930847696650497269388324639   -0.40865140455535792218810797749
0.00456247233216011682799262416665   0.705829726784926392291197316808   -1.22547279881396575795804437803
3
3     2
    -1.1610304823371238036600061605 -0.00392219566771179195541208173381
  -0.697268825097825284409225332638   -0.708323905501578643395532708382
    0.40721542779065356132406350298     -1.2240350735481950739114154203
4
2     1
 -1.00178453152761059996578296705
-0.998212278221424220703283936018
5
1       2        2       3        3       2        4       1        0       1        5
4          4             3          3             2          2             1          1             0          0             
0
1     1
-1
1
2     2
-0.501732210955833313192897549015 -0.499996999436201239319643718773
-0.499996999436201239319643718773 -0.498267789044166964362858607274
2
3     3
-0.0144860796025759186456127736164  -0.816245707885482785215458534367 -0.0034659665350978696718442506608
 -0.816245707885482785215458534367  0.0121394370170053722546299468377   -0.57753750687909644057072000578
-0.0034659665350978696718442506608   -0.57753750687909644057072000578 0.00234664258557049087983159552095
3
2     2
 0.498213876196002880547553104407 -0.499996809751579118774600374309
-0.499996809751579118774600374309  0.501786123803997119452446895593
4
1     1
1
5
1       2        2       3        3       2        4       1        0       1        4
3          4             2          3             1          2             0          1             
0
2     1
 -1.00173071327161911092673562962
-0.998266286162331595299690434331
1
3     2
   -1.16103026919173224484893580666 -0.00398479050954148039664914904279
  -0.697230636088946309492087038961   -0.708361496453127736927513069531
   0.407281418824354424224054582737    -1.22401311748987473571048667509
2
2     3
   1.14848367439158938196896997397  -0.716892793128306893279955147591  -0.408717473099315553586308169542
0.00450055392950932109386030788301   0.705868377782300160383499587624    -1.2254507653354791418820468607
3
1     2
0.998212278221424220703283936018 -1.00178453152761059996578296705
5
1       2        2       3        3       2        4       1        0       1        4
4          3             3          2             2          1             1          0             
1
1     2
 -1.00173071327161911092673562962 -0.998266286162331595299690434331
2
2     3
   -1.16103026919173202280433088163   -0.697230636088946309492087038961    0.407281418824354313201752120221
-0.00398479050954148039664914904279   -0.708361496453127625905210607016    -1.22401311748987451366588175006
3
3     2
   1.14848367439158938196896997397 0.00450055392950954313846523291431
 -0.716892793128307004302257610107   0.705868377782300160383499587624
 -0.408717473099315553586308169542    -1.2254507653354791418820468607
4
2     1
0.998212278221424220703283936018
-1.00178453152761059996578296705
5
1       2        2       3        3       2        4       1        0       1        5
4          4             3          3             2          2             1          1             0          0             
0
1     1
-1
1
2     2
-0.498267789044166964362858607274  0.499996999436201239319643718773
 0.499996999436201239319643718773 -0.501732210955833313192897549015
2
3     3
  0.0144860796025759186456127736164    0.816245707885482785215458534367   0.0034659665350978696718442506608
   0.816245707885482785215458534367  -0.0121394370170053722546299468377     0.57753750687909644057072000578
  0.0034659665350978696718442506608     0.57753750687909644057072000578 -0.00234664258557049087983159552095
3
2     2
0.501786123803997119452446895593 0.499996809751579118774600374309
0.499996809751579118774600374309 0.498213876196002880547553104407
4
1     1
1
