5
8       2        
4       2        
7       5        
5       5        
6       6        
5
8          8             
4          4             
7          7             
5          5             
6          6             

4
7
2
  0.40617978980639357633464214814 -0.260176380540855234357877634466
-0.105623283856585800655203399856  0.318951433335517620104582192653
 0.718715556864118920721296035481  0.647972425305213262092252080038
 0.289334502252667269406316563618  -0.18907255314602869344930979878
 0.401160964756642979267553528189 -0.385899345838522089824351724019
-0.239445954690783890939087541483   0.41993073832264316003204385197
0.0730117081407197915376983132774 -0.222938129906040755079388304694
5
13
5
   0.100704335776090461718190738338   -0.291043620326759233662983206159     0.50868723751114652831262219479   -0.377884252822152599815552775908    0.191263276349743716053808384459
  0.0397567364353334853910304502733   0.0752631441859230171376182738641   -0.202914676629346341085735616616    0.206798849397019646190187813772   -0.231135377666071561986171900571
   0.609891905378422527483905923873   -0.506295333934651869967069615086    0.177165250528785178651958176488    0.283472627273451960316918984972   -0.463198247083119851730259597389
  0.0704080764935182817909620212049    0.197747174127599650850228840682    0.361514739655034778031961195666   -0.277463922140791574566520694134   -0.122508307132497482050403903031
  0.0364899664609313403862422831025   -0.287155742297142357877248741715   0.0749947492372827761997200468613   -0.291735355124334239107497523946    0.277739332515440418003294098526
  0.0285741343843024624138404732321    0.170955851789954510477897997589    -0.19954736532935196668958610644  -0.0147613786184747595997546198987   -0.299371125297409057530728659913
 -0.0280345289850264904607524130142   0.0533109095594565957076937934289    0.142973239284645059488099150258   -0.152985311830140274791389742859   -0.157185796636529567793516548591
  -0.612741228232484558269277385989   -0.512225744765873125530220022483   -0.175097089856739912550054327767   -0.288125136275159121623801183887   -0.451200383153770478994459836031
   0.478482696277631069925462270476 -0.00781904407340886647981292867371   -0.587784986666562980772710034216   -0.578804107861642491705822521908   0.0101388884282867554331719617267
  0.0407124306975355579329978183978    0.350085517643760724126877903473    0.208791521238259225601296975583   -0.165836126561131141921023868235   -0.226459011486591310635674290097
 -0.0363472156316490685457054610197   -0.278328216779696491212092723799  -0.0740274778236703762113180005144    0.307204791318777481468060841507    0.267844144433163067198222506704
 -0.0279346637980168732706687251266     0.17072067901363582875795543714     0.20022925925989212836419994801  -0.0032374086277404479430885864133   -0.296941959932116250620026676188
  0.0161926096344671699434059064515  -0.0897519708288687240171910275421  -0.0823521726472502269000841579327   0.0919003403819373954064531062613    0.272178310608956752769671538772
6
16
6
    0.554813873011549940628128751996    -0.625831914256157473275266056589     0.295437192100750423140453904125    -0.171547069631634435671330152218      0.28717496748659188110508466707     -0.26835842013562460905973239278
  0.00175036752436795797760460402515    0.0716304545975167683558026965329    -0.349050575339802715557624424036     0.362872583805990356342618952112     0.259938799836478273697082386207    -0.230924357964527621200900853182
  -0.0640448175017831744515461878109   -0.0352367790865202104577669217633     0.164616937358554482617734038286   -0.0798766609506690317132893142116    -0.295384424437339199176477677611     0.160816619856315567993476634001
   -0.037069790444572578436144283387   -0.0262874813522432325407773845427   -0.0993166267959108423069025661789     0.204956015551740089453147675158   -0.0125743161480001489072044762452    -0.174802387805238268470020557288
-0.000528853037518842335196200821201     -0.02812044088997235624649562169   -0.0908246578434749179953300313173     0.148213286127538562686467571439     0.141765075032237064522888658757    -0.280822246035098865846180160588
   -0.573058830579568634355780432088    0.0182376291633334561281820640488     0.589167351304668573952483257017  -0.00365342292727905987997916170684   -0.0074295017871782616236675522714    -0.525825013581700195786083895655
  -0.0132643352617218112515784511629    -0.479042263334084561510195499068    0.0032597768044341870509461589478     0.574669215444348124854911930015    -0.590744583438131076746913095121    0.0068469572219611958205365276342
  0.00184365185654407934094656251744    0.0819568730307745213492509606112  -0.00115972503653300937874470744049      0.42134892733260659314353802074     0.306306005732543629171971133474  -0.00885366958672365901572565149991
   0.0627201196459811483041590918219  -0.00174468171569893445820020883019     0.324037080889880813039383156138  -0.00087960644462533883313620775013   0.00467238213180279620545531926723     0.316061409725014175187141063361
   0.0360571124005881066265644108171   -0.0016467887797542105771109177681    -0.197092320199804937885801336961  -0.00192418166933015473765711256249  -0.00625304917346118909610153124845    -0.344374885714995304653029961628
 0.000581547376149751287302547275715    0.0324201988719327108268153381232  -0.00189774383082909727307741043489    -0.171313019687961920478613819796    -0.168126641069654247928610857343   0.00214271246678163218568613501702
    0.589754294673398571369205001247     0.595569040135951355274812613061     0.295273951427666714319997254279     0.168874189935525359507195730657    -0.293778078515797735903447573946    -0.258499528997451044620703441979
  0.00148978365360544900974915094594    0.0711942025558518626349169267087      0.35057605394039587087817722022     0.365245848013894203187845732828     0.269848422523392528216135133334     0.223887840339556998259240572224
   0.0619173481892475591203961471365   -0.0386677154066813119626111472371     -0.16346580636923027651796758164   -0.0823812356882805685298620801404    -0.299879005000354637022752513076    -0.153292888410798994192063560149
  -0.0352978481238253594121090372937    0.0289063510750568082585676421559   -0.0983846112029452130043338797805    -0.201523075055475509032021363964   0.00637772773429902840175431677494    -0.172180762533584885698445532398
-0.000489174520991430541658195885191   -0.0281131796508627650188483215743    0.0905476894557817185704706730576      0.14857262174238722307606508366     0.148922456113545348399540557693     0.272351479083066561059922605637
7
13
5
   0.609576691718850760537407040829   -0.515909496400323130949061578576    0.174413587714305373665979459474   -0.280315706736487035843907733579    0.456151541989393560783128123148
   0.478554179879891627980015300636  0.00340077421231713052790501805589   -0.577267099308214293174046360946    0.588878085151888552850607538858 -0.00145804743362526727928907277487
  0.0412767779113384566946898246442   -0.346493319307122960015732360262    0.208927641860908119841866437127    0.153621337322765311173000668532   -0.230063131795034847559833224295
  0.0372856633310693491578646785456   -0.277073033098146570551989498199   0.0769153468574263615709085684102     0.29819158731502470871532750607   -0.275564786273155004625579067579
  0.0278324883773022890842696597247    0.170159119444582951352629152098   -0.200943308857288588376022175908  0.00904630160044340991820632780218    0.300533291421562542833356701522
  0.0161963380441067748838346318507   0.0899477325758814977296751180802  -0.0839235781696103938509523345601  -0.0846987981942425305348365327518    0.279710486293603954877085016051
  -0.612808328164490156986232705094   -0.508831212745284644505261439917   -0.167218017285360065482535674164    0.298517345651090670877181310061    0.451313374911695153191004692417
  0.0709715291646481616361086253164   -0.198962091621768144555915114324    0.364349496433213237978065990319    0.266587375422496108967607142404   -0.138440368031616772848124696793
  0.0373093939665831708651921871933    0.284260549812005935965686376221   0.0793580581899137049717296577001    0.296014116006245997514412238161    0.272031292124080337213598568269
 -0.0277458349308322554938044390838    0.168371211596782754948975480147    0.201257011289919823804339671369 -0.00861163613191819575509722284323    0.297913668139035636706068999047
 -0.0280632577085923144710744026042  -0.0494339634142411180062204323349    0.146389916453815494001844399463    0.147563699267383940938458408709   -0.161086663401051710664546590124
   0.100825456898122375881676759946    0.290257106420532318136196181513    0.516681492817769871805921866326    0.376128843877142404750202331343    0.182305667524966685810738908913
 -0.0398126302405624604707767844047   0.0749204453507296835867990125735    0.208447131198966989495957591316    0.209151479295029807392580778469    0.222964320972920487795576605095
8
7
2
  0.727023142792484922125595403486  -0.638964916560581519533457139914
 -0.284705877409333729666229828581  -0.188576744841456672707735719996
 -0.395475396278210378220308029995  -0.388055413403238513847526292011
 -0.235269563455132640905631546957  -0.422272444204511487875208786136
-0.0733541238881074419975192313359  -0.228001448217106439386725469376
 -0.403592572396956061897554945972  -0.269300873884672109515037163874
 -0.101781946717282245629121462116  -0.320552655018755849880562891485
