5
9       2        
5       2        
8       5        
7       6        
6       5        
5
9          9             
5          5             
8          8             
7          7             
6          6             

5
7
2
 0.722052894688738344797229729011 -0.633322327264046913697370655427
 0.307626853159551183480857616814  0.191152076060050357675379473221
 0.311490405273421533394184734789  0.312390437415955790623200982736
 0.284780035225098648865582617873  0.426948305318255227902568549325
  0.08024427154810777340632199639  0.261536020879422403950798070582
 0.429712657704435729844050229076  0.260984026724355555604262235647
 0.121602977508206824830416792338  0.382069784700415804312711998136
6
13
5
    0.6452196890513832716607112161  0.0114331438766995807654325290059   0.545858866788709762296605276788  -0.484074741182633494496201365109  0.0100458244077587955517261164573
  0.522090971906166712024344178644   0.511388980840435714014802215388  -0.288281417886149637919146471177   0.341217176375729291937233256249   0.450456067264015269646648675916
 0.0380435152901073894704531141997     0.3725133136766098918002398932  -0.196804372894244766767357646131   -0.16122708139748667677260129949  -0.228018534859432187023031701756
 0.0250228407216399398316220015204   0.213450113962998844208129867184 -0.0266719173441299396698500601133  -0.230316693609290329414207576519  -0.211790168608287115992183657909
 0.0223505384554558046705796670039  -0.210648326687762704745310315957   0.209698732499188272848655856251  0.0549235821048940503485980002552   0.306118336915833288980337556495
 0.0182130639297221307015828273279  -0.102153989325506178165170467764  0.0842253365377747947873032785537   0.135695755123781791606774049797   0.323031351803474142680983050013
  0.539238363223650707389822400728  -0.507141798070483429405896913522  -0.279607694794987649000717055969   0.331275601366040561845949241615  -0.448530721469338811147054002504
 0.0657135429019227307323447462295   0.210512138456233038885656583261  -0.341082743938603549782584423156  -0.274769027443878544048061485228  -0.124419139921571705875713576006
 0.0244299328014174407797121091335  -0.223540622635447716604062406986 -0.0287476937780503649655372555571  -0.229239454600922237803573011661   0.220497266605171216014014134998
-0.0237605285586893859306467646775  -0.203823803965673622240473150669  -0.203859664099805826253941631876 -0.0454532830548170646567385233539   0.299174118177606473967244937739
-0.0316917381124804387049209708493  0.0645113894236159779449479856339    -0.1463303076756755916054686395  -0.233628607949921213160493493888  -0.193223270991679602071044996592
 0.0942922954687418352071048843754  -0.307254150984193341589190140439   -0.47559715742301478247355817075  -0.381888482172233645339787244666   0.187066267345497999619041706865
-0.0453297513546609617818283766155 -0.0873256487305908990492753218859  -0.209553799103992105523630584685  -0.329383035805916768445911202434    0.27380658464454493694617553956
7
16
6
     0.53998191935392525486747672403    -0.571337461041472760570059108431     0.291525447360366896099037603562    -0.272001730348603643072635804856     0.332963273218111255324913599907    -0.262389642517457888359899698116
   0.0661261452511022473910173857803  0.000970489190128176167429718823598     0.373094238008248701987668027868    -0.340706058962628455244470160324    -0.270728107375884707863633593661     0.225559010393529879578977670462
    0.025261570403103041082548685381    0.0752201069080815354350733059619     0.127050178719352230283234916897   -0.0288601186386443220310837887155    -0.226448663308493169932233968211     0.120523786081502118361363784516
   0.0221720418156440383927741066827    0.0475950965817887039488454092862    -0.123157329179940766561429654757     0.213329947182317042342347690465    0.0516813006337236563458858995546    -0.178286995996875557990435368083
    0.032257476218065850304128616699  -0.00067731392920888661840495004185     -0.10503551810681406586400754577     0.151627232773248576958025068961     0.228471136787103512588714693266    -0.325021393051866169798813643865
   -0.630247245665552680016219255776   -0.0171351330935760534646128405711     -0.01989104198171637652436949395    -0.549348309362945763645313945744      0.49742711698678648835070248424   0.00894000258253977234113030192475
   0.0163203186758103836739852710025    -0.570403315692367240963278618437    -0.586260513260370985655356435018    0.0128730042002691939806435783566   -0.0172246394695432791799305505265     0.520076155501802861458315874188
   0.0761711235416191734248769762416  0.000271543782054567764405739183076 -0.000498867690663887253244013209041     -0.39219894251849318767000340813    -0.313667389277731023522477471488  -0.00465675059659422484192869973185
 9.81220888102228138566429649359e-05    0.0749142991346100212135539209157     -0.24903409233187032145728778687   0.00374412490475687330382381645677  0.000284504834471510756506440475988    -0.246874213290929067632362148288
 0.000936311119673878663668964428268    0.0475204796196161752264153221859     0.242771275410774839409455694295  -0.00107706471733773519183774425301   0.00638610809296432345438798705572     0.349164633730140561151955580499
   0.0374031754499794741319895763354 -0.000799587057668910377965232338937  -0.00420900854718738240412001516688     0.175052830140233206535071985854     0.265186492102901238965273478243  -0.00268718063346543934236110295899
   -0.539062936398256087322522489558    -0.569358154967993135286974393239     0.297050949957220811192826204206     0.276211868529908033398356792532    -0.331234592057798982178695723633    -0.258090543143962292127469027037
   0.0669537609982622655691031354763 -0.000570399768369369728968076849185    -0.371496379184034886122844909551    -0.333304093963948333545488367236    -0.271949184802763643808987126249    -0.226223759935849005886510099117
  -0.0246331252796484871658844184594    0.0744993480368810745417817997804     0.128889949359872635348267522204    0.0306422193063087475173311702292     0.232584710145196743580342513269     0.125428401307022846511429747807
   0.0212185742559658011008316691459   -0.0490343496458853292385704492062      0.11833443701229322264634191697     0.205988116380434987950920344701    0.0408096475348580164932421610047     0.171105700785603137559220954245
  -0.0326806808146181890228909594498  0.000759213552106747483101678586337    -0.107407187204711485062347264829     -0.15303079052598081433167465093    -0.231897719967592730316852112082    -0.334776713124337543803221706185
8
13
5
  0.0937971916511783077030628419379   -0.309601211410785226441078066273    0.484278442071059744833405602549   -0.382379627145813527633322337351    0.185776174157780860074495876688
  0.0465319206947017935394050880404    0.087269651780345916525227778493   -0.210386386729330854272745909839    0.321683664101399369172895603697   -0.266614607010572324252706266634
  -0.541332201330138595984919902548     0.50118192528194938084595833061   -0.273242072759773135803840204971   -0.337168978162946164633950729694    0.453317245275712321639360879999
  0.0661717473128189404008026031079    0.211654198060840847972485789796    0.340015072046740807198972333936    -0.27654775651153978843765912643   -0.132501265928787304027025584219
 -0.0251861750763160800736795152943    0.220913467803632357355780868602  -0.0314440016653331003149141054109    0.226636256296122384767954827112   -0.213051781097335746206766771138
 -0.0224810875028899209704391637388   -0.209417834524257662209834052192    0.205143603573648442006671643867  -0.0389744331671573671083130818715    0.303794497922336592665715215844
  0.0330491884060352125729309591406  -0.0574152895628318102327902749948   -0.148088211409141856655935498566    0.231264594032347642338365290016     0.18818137687189195883519232666
   0.614326004414828985566998653667  -0.0235793955029353075047993115732   -0.559317208036715807217831297748   -0.504982302490090462221417055844 -0.00567424963265880308305177948114
  -0.555864741977850518317438854865   -0.514944917492957343618797949603   -0.259587433635585673741275059001   -0.310540237840741639718800115588   -0.448298899435896347487329194337
  0.0388062175476769841142576922266     0.37171898389990964961526742627      0.1916710773773376286222003273   -0.162585457275174649627302869703   -0.227255112936076031360244087409
 -0.0254968257005724514840938610405   -0.214215406619332415782963607853  -0.0242582614966366724718049852072    0.233741543039052451780079877608    0.213063060832731659965944004398
 -0.0218851364278754706438334665108    0.208427446091644319459135203942    0.202425226458725349143463745349  -0.0510595899716209597474225745373   -0.298413798516641903812995906264
  0.0191990202573924240159186638266   -0.106609901897094475065053131857  -0.0861053147298996152114725077809    0.136597808296631678670607357162    0.333407731422518227581974770146
9
7
2
  0.433084110106568775933055803762   -0.26749386617271070365475793551
  -0.11824936575924117898583887154   0.378460071686295140835909478483
 -0.719343431404879551926967451436  -0.636687196989531134505568843451
  0.308515926179935007223065213111  -0.190424263200036386622926443124
 -0.308375550039163892623861329412   0.303651597998613853590654798609
  0.288883226819889205039260104968  -0.422115810135620661558419897119
-0.0852595652047344887414226377587   0.270549383181620362037733684701
