5
4       2        
8       2        
7       5        
5       5        
6       6        
5
4          4             
8          8             
7          7             
5          5             
6          6             

4
7
2
 0.405052983978218095195700243494 -0.262677807791998341180317311228
-0.104811766448895379855166254401  0.319189029713095540063960697807
 0.721197304086348633944680841523  0.645463402664288476984211229137
 0.286827502365574915632606689542 -0.186871937446935920679180753723
 0.399355207183053839692377096071 -0.386301070669285762093636549253
 -0.24008746715368417534719469586  0.421539164820580347647904773112
0.0736507492224082599419077155289 -0.225057376556293931013641440586
5
13
5
   0.100548188297134230562157597433   -0.286744865915088742447380809608    0.511865217472280087385172464565   -0.379406495592877646139129410585    0.187972893106205990454427023906
  0.0397426733466359760615915774906   0.0739828079219391754328682964115   -0.205678405550460491335584833905    0.208599913600305386651712069579   -0.227112176320133252183097738452
   0.610686460675283426802195663186    -0.51002109184033284083881198967    0.174247331755950307652369701827    0.286515908541138231147016313116   -0.457556717243888466661871916585
  0.0709409164789231716508055569648    0.201721966457253487625678189943    0.362290855879920936644111861824   -0.270468845797579238166008508415   -0.129524803522979264913672636794
  0.0367801466281571509675529796368   -0.282607812503682054305897963786   0.0770582296040030340078530457504   -0.297023615556200271115017130796    0.274356219742569684694188936191
  0.0280212443721270104690646007839    0.169927690981571954953466274674   -0.201169258729087779835609239854 -0.00904224133081395382849354547261   -0.298672280411857782311813025444
 -0.0281045189098782094427875222209   0.0526031651008050105122748618669    0.145369977150108908858783252072   -0.148991901896147915795864946631   -0.159114748906749592372023016651
  -0.611477808418126822509464091127   -0.510771184681817702610828746401   -0.173462219083124813412410958335   -0.289218020345642479185244155815   -0.454356058657003070155866453206
   0.478997442626127201137364863825 -0.00139983191455031854080748310309   -0.582470884499221019936499033065   -0.583678432182175077613806024601  0.00263560076782238953199688502593
  0.0409487325167374530132669008253    0.350486334639544316882364682897    0.209174036180494044012689869305    -0.15725426509689580112372198073   -0.227821895744326596844331334069
 -0.0367475971913689899994714949116   -0.281587411720794655867194933307  -0.0768650510816576426620372330945    0.300278821752028413083479563284    0.272185262182794318608358707934
 -0.0278872108818785970074660696127    0.169763585984345904966730245178    0.201171244582588032434600222587  0.00505729686559490410058259612924   -0.298029641679966372791454887192
  0.0162370010193740310633359058556  -0.0902219060720226562199997033531  -0.0839092856290975380728625054871   0.0868286886565867582765676502277    0.275502780393515056545084007666
6
16
6
    0.566995839449767169426763757656    -0.616008139662398201963355859334     0.295270557678331935225202187212    -0.172820000867920486875561891793     0.287594304812635148671517981711    -0.264553716774320157867350644665
 0.000557671057049882214207148223295    0.0712168269900210343381630195836    -0.349911499720518659461987454051     0.362759096390866953019127549851     0.266538296693602239084697202998    -0.229587552293035318529135224708
  -0.0632674028568186580523402540166   -0.0363210067199659508707654254067     0.162691979565682293129569302437    -0.077649006241043511122867926133    -0.297201264419693522711440891726     0.158755391477422097556981839261
  -0.0364541658219850184252663893858   -0.0274163286855857481205678283231   -0.0981523852700055404740808739916     0.202242042728659171535454674995  -0.00858977537461522513972944636862    -0.172871022352751951833838006678
-0.000160098354698003076355961038502   -0.0280971641125888418888401076856   -0.0903279654900901729508433390947     0.146363156843522052019679335899     0.146498108936873344676499186789    -0.277816861728676756104761125243
    -0.57284879094919893827153600796   0.00574996149476840467951177515715       0.5898042783484216400324839924 -0.000840663964405250494285604112576  -0.00294123274323912020991600435593    -0.525837989955097118155435964582
 -0.00407441689240276017081043846702    -0.478864581355972429577150251134  0.000495115301480371448189510275029     0.579752427619566468308676121524    -0.586319193886607470389549234824   0.00232672004950409310256032036079
 0.000630574038623132535064108594725    0.0820801671700728957548065523042  0.000130294799775559130144975128474     0.419322088836729223171317926244     0.309313087173666123597115529265  -0.00239877888835922804117162243642
   0.0628837603347208312642990790664 -0.000620690014516973799681143209028     0.325055740752569710672048586275 -0.000575838239365512828335513795253  0.000777401998966446936695229297243     0.315753071950581831739413019022
   0.0361632156876260310585102786263 -0.000491893017146692026683729714875    -0.195862326759133148490477083215 -0.000394988411328271987049687297144  -0.00185507632788577624637083030024    -0.344576371014139182236135638959
 0.000179414267889788396279082682838    0.0324542386321912887381380130591 -0.000602585284439725887319083685867    -0.169051159856848015605734758537    -0.170338222091620639098152878432  0.000634633195442934629725006967504
    0.578394642869829223030819775886     0.606149602867613546131053681165     0.294820479965060833205114931843     0.172020470319946217063744597908    -0.289878741267571071738018417818    -0.261457170279781880850578090758
 0.000535516724575091536408866232932    0.0710914498570243968966764214201     0.350614254972658689890607774942     0.363191034080824648455632086552     0.268921439306908205413293444508     0.227224375507583620237284094401
   0.0625943927774988972956293764582   -0.0374982278719901904184830243594    -0.163240080522281866270972727762   -0.0787692033990425172218508009792    -0.299117209234099845627241620605    -0.156853477812721686657226882744
  -0.0359175030505104325717624647041    0.0282411985088047573499991926838   -0.0977999126479929398181312194538    -0.201257349140243818608198012043   0.00725433070067350253135041171504    -0.172075447420330956971312730275
-0.000150917586985020355482001175318   -0.0281316281259366834932578171902    0.0903377673535798869641766373206     0.146473347974266643323204561966     0.148452132801853181609530452079     0.275458220941485532051729023806
7
13
5
   0.610814891185786246197153559478   -0.512145712190008706166111096536    0.172919152190628894194546205654   -0.285888373421341157598618565316    0.455950094172576092521609325559
   0.478512371602616892740655885063 0.000548167712700870987663215316843   -0.579671755083179141010418788937     0.58664396517272565656497818054 -0.00140560873537697440631422107771
  0.0411331411078523917490556982557   -0.349559455816122965909897857273    0.209587428148153370743855816727    0.154276360082889640867875868935   -0.229403707326748612649325309576
   0.036994200266423006573379694828   -0.280384161116235097743754067778   0.0774896956893354332818191210208    0.297589224353469128381277641893   -0.274131521520059040497585556295
  0.0278708501300253819188412762742     0.16939375387004276807267899585   -0.201494331730242559608257124637  0.00861535382708462742218369356806     0.29893735433100876441869786504
  0.0162092054170926876122127424651   0.0901405090043731205273758178009  -0.0843230364831932255320623426087  -0.0848768562883606969560190691482    0.277569452873758115707403248962
  -0.611660947592031156716529949335   -0.510612438298745696663161197648   -0.171233193143915440881386302863      0.2913890760047366801366308664    0.453778145938502963652183552767
  0.0711349896906109530059225676268   -0.201334494234753136332471967762    0.363426093527501048452421628099    0.267702787009246268024043047262   -0.133880418378775373211553301189
  0.0369627220400655515097909642463    0.282358308698925142277147415371   0.0776513376816489325760173301205    0.297821714237548718084980237109    0.272998788321973662185371267697
  -0.027844353717874914533325636512    0.168949234065058850884355479138    0.201293791354121537340304826103 -0.00753565873083314550356925920482    0.298203130514551828511571329727
 -0.0280909671326782031663960026435  -0.0513566653984354748452290095884    0.146193544237760403303738598879    0.147565346803396446606626568609   -0.160220860331467623849377446277
   0.100644324762722434107864444286     0.28713327788148002017720727963    0.514072526948663344192880231276    0.378871709752696406159344633124    0.185383641409295085722419571539
 -0.0397720402736169778568076083047   0.0739330615085500436611809504939    0.206993652257615401435231206051    0.209360000579830951572546382522    0.224933778389888594517742603784
8
7
2
  0.723981016261050824844858198048   -0.64238797870458252958769662655
 -0.285878190968839096530729193546   -0.18749808015558228069252777459
 -0.397307750973109108372227638029   -0.38712255244526805331162222501
 -0.238186082959643358192280970798  -0.422143693870422442859791090086
-0.0735260806614731893260383799316  -0.226492737887477257885393555625
 -0.404268018349788649246079330624  -0.265638048268257376260947921764
 -0.103442610780709778883768024116  -0.319766247224395450121647854758
