5
13       2        
9       2        
12       5        
11       6        
10       5        
5
13          13             
9          9             
12          12             
11          11             
10          10             

9
7
2
 0.422079408060944794023328086041 -0.231995026906832352286969012312
 -0.13818586108463024042514177836  0.383807068481808066895411002406
-0.698355827715900545626936946064 -0.659486602576969338507240081526
 0.306331142674695744432256105938 -0.174621994029336730092083485033
-0.401248800662693583252149664986  0.385445382178884521362505211073
 0.228931092731518570637661014189 -0.343155790761672296884654542737
-0.088340051831430052575733213871  0.259096473384547498763907924513
10
13
5
  0.0843895510869153986366342223846   -0.301701560534507473576582015085    0.458420682359659048543676362897   -0.358286821143949996137934022045    0.167959925425511247265575320853
  0.0536749935296972208176313756667   0.0988757625238503856657246160466   -0.237865066172501971042407831192    0.345091619399314875060724716604   -0.275511332612104031802857662115
  -0.552447500960896897836960306449     0.49279727867214978553889181967   -0.273926621751254040226797314972   -0.313318347559006560310024269711    0.465907124783266290979355517266
  0.0587916762674551215961393779708    0.203725812521538235388973703266    0.331855650338771235308144014198    -0.25889739776962172879137824566   -0.107274027231209642674336635082
 -0.0189500794366825250913954903353    0.288599964126599828340147269046  -0.0813117049842123906788771137144    0.239007318546948011039887660445    -0.27251579265400105445138478899
 -0.0294224037112689532080800347558   -0.164026125905689851292024172835     0.20361106375582335714646831093 -0.00139699148771743912253451291861    0.237665241962455420221544954984
  0.0374025256150428003776298169214   -0.074504421469924850263133464523   -0.164795874608228531954523532477    0.243586485945984643208817033155    0.196444591960198589042363437329
   0.628438308726414929239467710431   0.0180825656036076864996431368127   -0.540279904752791861888283619919   -0.509196089533026197138099178119   0.0144712051847279525584877291067
  -0.530079880490361809997068576195   -0.493469368317708600990556533361   -0.288760782502852975106577559927   -0.331953927089040257136787204217   -0.468176958879854998585301473213
  0.0340593825956552118117137695208    0.367701262397487682598296032666    0.192435233553195528255486124181    -0.15190678044274541491631680401   -0.205578933321542284273775180736
 -0.0193988094049627850246064753037   -0.282883242800883394352240429725  -0.0886939998229712422972426111301    0.241798191697149889023421565071    0.271397428208467239585388597334
 -0.0283824106401334881610853955181    0.165435772688210663838859204589    0.209497080063730356513929109497 -0.00371777168379969300687770683567   -0.243789735078379699029227367646
  0.0213929845744605280632999466661   -0.112542571288282045038897649647  -0.0938501268559525647638963619102    0.140908934783619044228686334463    0.321269238519592770231270151271
11
16
6
    0.550213987223447498209338846209    -0.571985255591469510250135499518     0.287349551279710846429793491552    -0.273449648309254556011183012743     0.312766721565295835461029128055    -0.268178180991694936619040845471
   0.0598562334422202205197471869269  0.000102257917562886910950448182689     0.361261131747436625705205415215    -0.321081058136786279266772226038    -0.254588133927231896613818662445     0.201919076987420065272260671918
   0.0208526686165600334821323968981    0.0596435164287315439102243885827     0.166774802393264892641511210059   -0.0870493271690030712139929391924    -0.242419597875272230247389870783     0.156395912136474413145492690091
   0.0260530916207131306439048756829    0.0634511076916355193366925391274   -0.0945319069837022157853922976756     0.204742087706157288584662978792  -0.00593982322554877876369383571387    -0.134393148105064197395108749333
   0.0388185602186090217280423075863   0.00101593456551409043811529109291    -0.120935187483887499060308812204     0.174437420309671492590908314924     0.243805643645194886071081441514     -0.33868290105892318031521881494
   -0.607425155786691206571958900895     0.025110199588535171699721360028    0.0239036251678995878555689102996    -0.547872103452319847427531840367     0.523511201877285392569660871231   -0.0150879144580772228678711144312
  -0.0238970868016016198265294434577    -0.570300991854921002222056358733    -0.568303850538440458173283786891   -0.0150824687309376870292254579908    0.0250961968727173613535885721149     0.539620434029948303766843764606
   0.0680399720926683493349429454611 -0.000741905330068503947316127522527  0.000586002111465880326512944975548    -0.378442345964368820343537436202    -0.295609915089911690078139372417   0.00761649473779796304384603899962
 0.000714714230967014151757465967307    0.0589346333302488908922889265796    -0.329754805797920380605603440927   -0.0038681901183776137842507125697   0.00138773317475551446510684261426     -0.31469499542534923319792028451
 -0.00133734268598573137129537080625    0.0637048789520705260880362175158     0.189176295343221612110795604167    -0.002172531011709694093170242013  -0.00854539723553514839193834262687     0.273795467812627202341957399767
   0.0443054328683763973262266233633   0.00110819600748202551007692839846   0.00828132691260532148580519873349     0.196858620547103763120944108778     0.278079753063398160684016602318   0.00540462415041252034614283061842
    0.555719396949612476355184753629     0.569421196086946079795154673775     -0.28291862952724644575397405788    -0.266342693053106926992512626384     0.316359554335610415609636447698     0.271728254302558980270987376571
  -0.0590509502932782329165384282987   0.00142294782210680790385248783991     0.368782542426076664909828650707     0.328034066173820526568505329124     0.256111208521267008642041673738     0.202324928074228388430455538582
   0.0199278636873900412418425531769   -0.0604759317663272136234020592838    -0.165515683054769019433294374721   -0.0852012374261404969999489367183    -0.238210695305673902932852570302    -0.152861384180224157969263387713
  -0.0278199945382570437701907906103    0.0627731960065367744494579937964    -0.101694232294794378868019180118    -0.214313585053735045082845545039  -0.00850719746561957174124657399261    -0.146904965482524213493675802056
   0.0380537480817896636708930202531   0.00098606765697796831468546763233       0.1167435022621232665329671363     0.167599669147996371831865758395     0.239045561456683319789817687706     0.323821822743040221848076498645
12
13
5
   0.585884299731995739080048224423   0.0236089343954000163705586601282    0.559704255822992435831508828414   -0.534341834379106206398546419223   0.0120050962913233576212501674263
   0.574495428847300537711362267146   -0.496793610314106404146627937735   -0.254830563062153070408299981864    0.285858803180234433138906524619   -0.465749174753336603327369402905
  0.0346301271751476430482696855506   -0.361373691727072399171305505661    -0.18793935464056160666856953867   -0.151650738662593542738221685795    0.203020380330272948166125956959
  0.0204299886327543762931657767012   -0.283499552563212575684303828893  -0.0864525844375405444486304418206   -0.245011976526967462097772454399    0.272138794518797411114974238444
  0.0273533016394518352365494706646    0.159838377292727096268265540857    0.201909458437464273128369995902 -0.00343010596870406934966180045876   -0.230373906152702978555879553824
  0.0229106842775900557129808987611    0.120603066128270236534447690246    0.100475265046802500479294906199     0.14282655712158467964378871784   -0.338741687243771072424181056704
  -0.554609574698446516904937197978   -0.488540621829528176611745493574    0.263356689870990701152209112479   -0.321676967889451159710034744421   -0.469088768669230438135286931356
 -0.0589665826843072254925814945636    0.205588197210872181130980607122    0.330791412273826135326260100555     0.25980237247404952549700851705   -0.121421073579127250519071878898
 -0.0205484287977831525662253397968    -0.28755318436266319448435524464   0.0851918184159347474659895738114    0.235761254424928567985375593707    0.267182081706357932304740643303
  0.0273361104155968280549071636187   -0.170493823454349935353491218848    0.200613193694581692927414451333 -0.00900236589583041507678373704948    0.245624864492296701712348294677
  0.0393357550077465048521396795422    0.059992049841060143822168981842    0.169800371146936329713739155522    0.241967236633884419383377917256   -0.186858531462131272071758303355
 -0.0834655894720377627971075185087   -0.308966556310480089386771851423    0.466436057713323859452714259533    0.361735532480207233607671923892    0.166325576170312461332656539525
  0.0552513486301103723397076805668  -0.0991442208653847689703297874075    0.235492686832573488997510935405    0.336578441519359949918310803696    0.265994776911357477811037597348
13
7
2
  0.69766216926845403545343060614 -0.660340568720776399658234367962
 0.301916085638790077094739672248  0.170355236347505323291073864311
 0.401094048254686585952555333279   0.37930755680272026930666129374
 0.229929995143140747382304311941  0.334567626356184921743164295549
0.0986212561501926959772745817645  0.276318260016739203344116049266
 0.425902305509791745397052409317  0.242002388605297352741629879347
 0.131343102556359531130070195104  0.379740398941038115321333634711
