5
3       2        
7       2        
4       5        
5       6        
6       5        
5
3          3             
7          7             
4          4             
5          5             
6          6             

3
7
2
 0.756934545563363148090729737305 -0.605616707708813817312432092876
  0.30905796426593057368847894395  0.248057722287590903809118003664
 0.229624451078975860829345378988  0.262026903899546192988623261044
 0.276145287337780931391506555883  0.438574249826160666998475790024
0.0631947237328806671330383437635  0.250484732687055899891248600397
 0.436677671052391469519449174186  0.351104497676190285826436365824
0.0887056858435861239620123797067  0.353091106064585213974993394004
4
13
5
   0.657785348060308416862085323373  0.00365473476554961998474801987413    0.555266846298568372830573025567   -0.466984123505661652409060025093  0.00134994637635232352622371987394
   0.524518756632497362701883503178   -0.536087619860221908929531764443   -0.282347462938853266400940356107    0.352792189634643982287798280595   -0.427934828771533493085854615856
  0.0409025758165125208343226859142   -0.377806413635007720674963138663   -0.205615235893965020430584900168   -0.180271846389943674049405331061    0.303351970087888445082313637613
  0.0208952029942249782601404461957    -0.16223193513553368916291219648 -0.00507500220445132252389264237991   -0.198312060916004645472199285905    0.185666572312961963842070645114
  0.0182022519550403966137608335885    0.195295244261705719379662582469    0.180682592332646163590936794208   0.0475675238834772570739595209943   -0.309957743124967322057017327097
   0.014189484904106942561585746887   0.0774161401484384364968249769845   0.0636065889458766742237116886827    0.111749521392837863897895545051   -0.306836296753002113479880108571
  -0.521538675885517166719296255906   -0.534400475451735634813132946874    0.284476062269405138849265313183   -0.357170792206659426515358290999    -0.42851690354789628845111337796
 -0.0706894979660970257384633441688    0.217556200175098579663313103083    0.356962871030540140893094758212    0.311660845307972000917118293728   -0.175696531283302009862623549452
 -0.0209198665400013861237482615252   -0.162692225937238726940492483664  0.00555930566152921037947898241782    0.197561138532796359834620147922    0.185221495952969855691705447498
   0.018180096908040881825696644114   -0.195913194632156839602998843475    0.181117329833081042167464147497   0.0465143771007017689522733405738    0.311108097730032451266879434115
  0.0245459578560984700845715167361   0.0439820200925689214210834165897    0.110074052968423305443046444907    0.193094902718161487431558498429   -0.176305663652386312989506222948
 -0.0999173544028813392925414404999   -0.309376328971801284328790870859    0.505421364153175400879547396471    0.439876169897398305863589484943    0.247512947041680780868588840349
  0.0346768233623675550814091650409  -0.0631893105640231184105815032126    0.155604288314385164060382749085    0.272420865615178420249264945596    0.249430442916476202697140251985
5
16
6
    0.520831691974645294429535624658    -0.570922907878970153916498020408      0.30956453572516495764688215786    -0.285822372250463252463248409185      0.35630236248271679455612570564    -0.246918813919906221521216593828
   0.0707311539932446720069236789641  3.90271783084582127906075887935e-05     0.377528490974320063422453586099    -0.356294133742784346896570468743    -0.311220402533424533864092609292     0.303241008248377907907666894971
   0.0206449370952917141130988909481     0.074200685068998795124173284421     0.094887560063496745321742764645  -0.00690675113125871747293826885539    -0.198712300290237370292700802565     0.108736360712577806442169503498
    0.018242158253690844010863614244    0.0388427207098238913562937568713    -0.111913763475429056670762406611     0.181096444437286119288899044477    0.0453179294141456065481143866691    -0.178248772574892438980143083427
   0.0244622821229683422294964856292  7.90892448034006016396868510299e-05    -0.077399756814167663954151521466     0.110456641942645192311367452476     0.193339410197434141691630316018    -0.306908865060388225121101868353
    0.660916728591925517477534413047  -0.00381663213556104972262739138955  -0.00365951474607312254860858047323     0.553408454558046103421986572357    -0.465022920011822438191018136422   0.00172386013155543279910808518451
  0.00339141349701330488408679286749      0.57124613839677640392267221614     0.618036033189346301064404087811   0.00255022240017233753350822667016  -0.00350196880847697964225795352888    -0.494398243970574635675063746021
  -0.0814877822933118139969721482885   2.8751024769168144566006128926e-05  0.000438553819306956860213375648527     0.412225744422327511351511475368      0.35923903939181028865945677353 -0.000887255406658907165746985601373
 3.59366091349375886641187571868e-05   -0.0744920576333709533178861761371      0.18755871450162739377809373309  0.000374283324406889800206599261401 -5.53569622754265336394587093682e-05     0.214522491651218144559365441637
 0.000129589632284542996326290320575   -0.0382120309669476132530263612352    -0.225989638733538084069962792455 -0.000114437493323737982109378208406   0.00106484476705331139630150705244    -0.358807005956064128948668212615
  -0.0282114926409946682739349199665 -8.82173876928162177795539333758e-05 -0.000666479061178599715975501283083    -0.127421283595116230369370668996    -0.222952450173930283305878674582 -0.000430649992484711835894622966592
   -0.521321486166698266906394110265    -0.571549939210749480267281796841     0.308668400125317543558622901401     0.284397367584998339573587600171    -0.356398335229250740052719947926    -0.247486456207561211773082732179
   0.0705282020699904838023641673317 -8.84249877114162696756238801754e-05    -0.378098680668462638898574823543    -0.357299175462052143181779229053    -0.310958118759465051983426064908    -0.302902908786746638547526799812
  -0.0209101187538767510631920742981     0.074589520974163631139575159068     0.093989282260655740430799198748   0.00543180253589541951753094650712     0.197543318225506497887167256522     0.106756264790651436702439980309
   0.0182268508682683350041742187386    -0.038126526529171839152709821974     0.113406610256722176210963937137     0.182052150402460588551889486553    0.0482943971837661786827844423442     0.180133078261125151309229863728
  -0.0244069705039971253379693649777 -7.40589499618582284851814323545e-05   -0.0772073945760912150326760183816    -0.110294564422350652166393558673    -0.192819685960281816949901667613    -0.305362470931385687755721392023
6
13
5
  0.0998785327282931678638533412595   -0.308375788767194403128257818025    0.504102794997067782389876811067   -0.439671123390651563678233060273     0.24778224216206515273519528364
   0.034443291872327391756059000727   0.0631529922616815425628900015909   -0.155823368857334776382828067653    0.273819263802259904583280558654   -0.250657258331784538185615929251
   0.520818271677560784560512274766   -0.535308122322189605668540934857    0.286204601530705426970513371998     0.35604387910181567455936146871   -0.427851611506794515804585898877
 -0.0704592113389863883288199986055   -0.218055454702387130350160759917   -0.357037271026071745261276646488    0.311250069634045112287878964707    0.173922248078825808503822258899
  0.0206546411464721656192633503224   -0.164423741316332805428857000152   0.0068101607555801878246537484074   -0.198454435940664170034963831313    0.188630746643955543584425527115
  0.0184702354589808305507236951826    0.194027961067577442433318424264   -0.181119026330113674916333366127   0.0462882187938920344749682556085   -0.309302845668006143320383216633
 -0.0243251677051387130146231640992   0.0451796206862028065787129094133    0.110067619042042749710752502779   -0.193564943334464723001531183399   -0.177147437597973383960336946075
   0.663953554764366016271992521069  0.00269874688568115528308766215559   -0.552050217050975677857138634863   -0.462629254227363617690826913531  0.00163735929293115948721104579988
  -0.517506474004770011809739571618   -0.535436620243509131533699019201    -0.28776856948577328454419443915   -0.358773624194944629195447305392   -0.428248324915928901823747310118
  0.0406523189192235998024038678977    0.377721735166966277041922239732    0.206240087079187311980277286239   -0.179881603559207903231254022103   -0.303010844624320485607427144714
 -0.0208249264763917599219134046962   -0.162409135491630191028278318299 -0.00560025810508173182977742499133    0.197915097288963087729385392777    0.185642426818648342834450204464
 -0.0182175561440698942361482437491    0.195991046756101683357087495096     0.18186614509255161209466677974  -0.0481789420974775561834491099944   -0.311417850718679056765125778838
   0.014030207319839225685309536118   -0.076989001561280273611131974576  -0.0635104663430707816473841376137    0.111718337446924165234918291389    0.305252120096836554452579548524
7
7
2
   0.43604101444906706586124300884  -0.349320624675233837308496731566
-0.0894930825985613825901410223196    0.35385953321609442401296519165
  0.757288043051637105307349884242   0.605122279602643975415787735983
 -0.308452740966177751946730722921   0.247773758986863629205643633213
   0.23232367441739582014648135555  -0.266818112418393316165321493827
 -0.274465400384356128515861428241   0.438090904978568729255528069189
 0.0626530336357674216829494184822  -0.249154925448318215197573977093
