5
9       2        
5       2        
8       5        
7       6        
6       5        
5
9          9             
5          5             
8          8             
7          7             
6          6             

5
7
2
 0.720338745331855823117450654536 -0.635646446706333634324437298346
 0.305371831121000858466629779286  0.187014735888699712429428245741
 0.309984823079834381776009877285  0.307198766838373993337540923676
 0.290368210075629407107555834955  0.426321456104778562234969285782
0.0843673376297761623554549714754  0.266867225869070523458503885195
 0.430800370784303332527542806929  0.262361620908499848514594532389
 0.121445632455611435274178688815  0.380534204374570861340032479347
6
13
5
   0.63513588766527906415149118402 0.00449836751283239077991993326577   0.549541193377591774549273395678  -0.492320094387328877072462773867 0.00281398479337075868925155397449
  0.534104713409227493947639686667    0.50910484638249076105864787678   -0.27910725668389085862841625385   0.335162780031959706139588206497   0.450209877361148147478786540887
  0.038214325044673654041549326621   0.373480520156091622130389851009   -0.19600180066686617719184937414  -0.157636705585028180642837014602  -0.227944501324854525980967423493
 0.0249619410517057209453195554261   0.217992850557004513856185212717 -0.0286176498007401983181274829349  -0.229632840940787202876904871118  -0.215291261525378641028538595492
  0.022379068028042403692978723484  -0.207350163255361791270203752902   0.207852030470229293124262426318  0.0484329922457476871877624091667   0.302625356973423687012569871513
 0.0185828143823999133998903232623   -0.10406993455207820542529617569  0.0859062661015815021148256391825   0.133572551974887709924644241255   0.327350515024574795219791667478
  0.539404219976505894251772588177  -0.509175714765397358085863288579   -0.27639376464962805979297399972   0.330382800617453120661792809187  -0.449290795045816315766984416769
 0.0661758872295983291422771799262   0.214996379315132990495129661213  -0.339254223507579777407983101511   -0.27254134954276926228189381618  -0.129819572274881611662067371071
 0.0248330956808249445066927307835   -0.21964402855005341064220658609 -0.0286695994288874572708536447863  -0.230086929594482403338417952909   0.217249260741117417028434033455
-0.0226526597636591310591658299245  -0.205344657723666279558472069766  -0.206346724277704979266800933146 -0.0472940904724208771581217547464   0.300411846865063336675660821129
-0.0322364630708700458661120080706  0.0617419504014142528358632944219  -0.148980844065867035208583502026  -0.231493041344099481637641702036  -0.190906003493581999386208281067
  0.093873882399072378079907252868  -0.304797013664131311028171467115  -0.478106086238975713786913956937  -0.384571333940666226780535907892   0.186538604011141168070864182482
-0.0456891774414820428518169137533 -0.0857451423293981718209977316292  -0.211227383932185319714847082651    -0.3277597201924027925379334647   0.269911182851284459083274214208
7
16
6
    0.539881560036889696085893319832    -0.570752571061546754016546856292     0.292973992141339900641128224379    -0.274002188937614798991404541084     0.331331593970763393919298778201    -0.260439444943661557729797095817
   0.0662627175725605949141439054983  0.000245149219078685158892949580434     0.373978746143816431768414076942    -0.339399739716060189209656527964    -0.271892340450300973309083474305     0.227596061198434507222287948025
   0.0250520758481989729016259360606    0.0749286365358390049618009243204     0.126537227335524693483392866256   -0.0284991727204790927518995857781    -0.228967339256391566593151765119     0.123763572818715278378576272189
    0.022373069378212477598122376321    0.0480109037839849400741698559614    -0.120211633703063980327385706914     0.208493314509780647281189658315    0.0483623412953049086615564533531    -0.175296105780020500253257864642
   0.0323928387311037541129721262223 -0.000193584281458821319023277940374    -0.104713407788546472576562962331      0.14962143644455455637753971132     0.230191568470736879215010617372    -0.327813337253956449401925965503
   -0.630173466465890230736590638116  -0.00568414582250550623476748057783  -0.00645688888947732603229567871495    -0.551485730855371447667323536734     0.495926398800100365349408093607   0.00283185851230355984872733010604
  0.00529005353676134312812529003622    -0.570459644431499768302273878362    -0.587632924992867122782058686425   0.00397223586379066850859942405805  -0.00604292165998715144481501226892     0.519475518048900353207386615395
   0.0764975759774810942781542166813  0.000122170457353780285980615616381  0.000468519679363382096637380413995    -0.391396664581121378478911765342    -0.314511128784138394021141493795  -0.00136888622453230543972446664469
 1.11662967246046931218961262289e-05    0.0748016645825830828187008592067    -0.251983259114106017406697901606   0.00107478702000305889607822962262 -0.000377958791561226574440279790679    -0.249105145490903956417838571724
 0.000242434220490957662297315522437     0.048064072305361048298433246373     0.238783820987797740231783905074  6.53741743399556540783379432469e-05   0.00232052732609676955893851513224     0.347915554885370403859212729003
   0.0374574959057473594326026500312 -0.000224889583895792862303086856457  -0.00150377856084158920135784853755      0.17291950115117865616198855605     0.266550949621797150790314390179 -0.000970965082374612297073934730207
   -0.539422344281630938844784850517    -0.570125389786442560158263859194     0.295044508142863592947691131485     0.275745292464809110821732929253    -0.330534218443980787327518555685    -0.259095789481131988374329466751
    0.066451094329728330190043550374 -3.37022788503037792201544320392e-05    -0.372632108504049208708153173575    -0.337563818220381728352208483557     -0.27274158965813760646668129084    -0.227973534314661302468962844614
  -0.0249066670892217623123343628322    0.0746707026671990653499122458925     0.126650506027301962275188884632    0.0292250080962020118702238136166     0.230725081280270610806226727618     0.125164607077797890299919458812
   0.0221137412858619132605131341052   -0.0483871738294819747627784067845      0.11839382454757368945408302352     0.206046590498972476135364217953    0.0454084827581313701938547922055     0.172806313367394964730650031015
  -0.0325044466673633167252965847638  0.000197344496886016069862879174224    -0.105097247919673078553337575158    -0.150074412380818422718675719807    -0.231629616224730244811169654895    -0.330557982336312783377962887243
8
13
5
  0.0937895402730093696863633567773   -0.306586600239046991323021984499    0.480359566832935791502734446112   -0.385025871364868155222183077058    0.186170782240728305279020560192
  0.0461074245342155131233141673874   0.0859467664650022111771932031843   -0.210684148845188740084566347832    0.325405710716516305414103271687   -0.268019730990267324166609341773
    -0.5401982871723939316765950025    0.507229700117013071469784790679   -0.274186049390964137195680905279   -0.332406522742244747714579489184     0.45060353713465295388829190415
  0.0663047885719061647069594300774    0.214555975064374987448800879974    0.339000332603709098044930669857   -0.273719522868016706951266314718   -0.132500904609247238674640811951
 -0.0251017550563016889064726910874    0.219184430769498811431006402017   -0.029130211366435874303926212292     0.22897606650511445613993544157   -0.215216561072006901111919319192
 -0.0223095469568459249531944266209   -0.207058993433359983526997893932    0.206190794400031018884789091317  -0.0448232143688424150562710224222      0.3020120499554286297438920883
  0.0326455990566238349326333434419  -0.0590963238363407875053390228004   -0.149043664069649139936046822186    0.231261850530705581618917676678    0.189190005790485782366516787079
   0.625037718327835056797425750119 -0.00673335236410421700270489964169   -0.554640715402658246446776502125   -0.498453218285289267885929120894 -0.00209398670176031212464273778551
  -0.545017934727059283339656303724   -0.510756422057104475520361575036   -0.270636271257244653831719460868   -0.324288894162287122391319371673    -0.44920859037456872808746766168
  0.0383978614639345003367587594312    0.372989500494252390616622960806    0.194786018799767285392121607401   -0.158811456669660233664842508006   -0.228233370159892839934556718617
 -0.0251059240364984552484894919644   -0.217722558149253841985881763321  -0.0276453696161683103171835540479    0.231051535685114717288968222419    0.215686445047426400556389580743
 -0.0222621996119924531187805882837    0.205938181806077147406597305235    0.205387744512564779375551893281  -0.0476734599976819245492620780169   -0.299914386331005367036794950764
  0.0188827098596634074256783719648     -0.1050794108703754503597593839  -0.0861982273779151875192638954104    0.134279476341771730751872837573    0.330501174073026759980820088458
9
7
2
   0.43183936468718037149372435124  -0.264902289502282228816909537272
 -0.119899230503949225101756326239   0.379549675973263000994251115117
 -0.719958222911911249752847652417  -0.636077695720657421141197573888
  0.305670684411364579347036851686  -0.187185759054945749513265695896
 -0.308959638080210041710671475812   0.304881029729135943906470629372
  0.290796589196004706678877482773  -0.424730219136740139163066487527
-0.0857077203842216001072884523637   0.269791170652639578086962046655
