5
5       2        
1       2        
4       5        
3       6        
2       5        
5
5          5             
1          1             
4          4             
3          3             
2          2             

1
3
2
 0.864584292230957562885862444091 -0.502487416822975041519327987771
 0.289668890163127579207014150597  0.499431395068141659177030078354
 0.410592176860636148827410352169  0.705744059525026168344652433007
2
6
5
  0.730825844384284439847476733121 0.00458869301392847948883879638515   0.571030143699205683383013365528  -0.373888731121442552396416658667 0.00207556356585745453019464790145
  0.471835154193976258341081120307   0.611299378724878939017628454167  -0.356132310232937454586021885916   0.387842803193191754118629432924    0.35557284967163821365332410096
 0.0393102107623110458289872326532   0.354983494720570946778792631449  -0.206449196117251210225163049472  -0.237692966026251478739439448873  -0.611000742759907011780740049289
  0.477120832361086155692930788064  -0.610939547747381017650525336649  -0.352089404444069553612450818036   0.385399945025123868980188035493  -0.355820419255144793080347653813
 0.0682495312811546295250764160301   0.205398361017820912932663190986  -0.356844359842319158726553496308  -0.410804816878133360891212078059  -0.351800826244567099720939040708
 0.0970442815601957053939230490869  -0.291278413605248531759173147293  -0.503158261528619310531951214216  -0.579649476371404293040257016401   0.499869723881983474278456469619
3
7
6
    0.478107419183230575310261656341    -0.578613359758213818828664898319      0.35158228978583033752514097614     -0.35007840177947358029086899478      0.38503981766800993158383903392    -0.205424153530720687843569294273
   0.0684168950550730070592209131064 -6.00521627602358651679646805999e-05     0.355318261009062941191416484799    -0.358234020698330934973085959427    -0.409919387626051956452499780426     0.610491222420279644467200341751
   -0.726561515830330573173512220819  -0.00648289648019080479851572462735  -0.00653365214708940839766215802342    -0.573750986650395256027934465237     0.377926638353159372041289998378   0.00221107059975636901019702129645
  0.00518711636244943187501466042022    -0.577315218437973620702052812703     -0.70536037044032129372794770461   0.00654579132661634466999744930149  -0.00459327493449603139336057111564     0.411196405538722942196727672126
   0.0791678922676579133188567993784 -0.000149898347533888339063942729545  0.000106372934272528716216459077071    -0.412159086111949846120694473939    -0.473227978155088879752554475999  -0.00114958043867305933875833101609
   -0.477280971703516687654200723046     -0.57608300146344404435438946166     0.353902679484475790605557676827     0.351780678255949608157493457838    -0.386073031880812933547275633828    -0.205625813142051472315330329366
   0.0689144441666045270977747350116 -0.000199678610214874379660474068565    -0.356813352108451387056931025654    -0.355324779739031371139645898438    -0.409711712125158999953100646962    -0.611335190519327498215318428265
4
6
5
  0.0973780351122887910531034094674   -0.290298160084865974894796636363     0.50622405161747519031223419006   -0.578905310410865459047613512666    0.498177224387311323727800527195
  -0.478852713712631328224489379863    0.608375555297230530271690440713   -0.351913159194960023512521729572   -0.386973661193147744352671679735    0.356352896908980809609346351863
  0.0689846484422934336233623753287    0.205615947247250907548021814364    0.355944840464859746376191651507   -0.410062984858619916650468439911   -0.353401407948271850667509852428
   0.722119216169590738552130915195 -0.00697691845533666716444587407864   -0.577157562413628588693370602414   -0.381288894141111056601545215017 -0.00175342738604673310277848319316
  -0.483115697001628041640231003839   -0.613008389456700442110559379216   -0.344102542189361981783690680459    -0.38124339456340261556022142031   -0.356463832214020448496683002304
  0.0400221947956311274730012428336    0.357071815284143556645801709237    0.204157285207834188200948233316   -0.237151067625958111850792420228    -0.61063079896301264426483612624
5
3
2
 0.411584281920009176225505598268 -0.705228084751192030310562586237
-0.863416129282124078514470966184 -0.504491897855570470277086769784
 0.291737838772868851577868554159 -0.498137805708671110860308317569
