5
2       2        
6       2        
3       5        
5       5        
4       6        
5
2          2             
6          6             
3          3             
5          5             
4          4             

2
7
2
  0.365771269817377009392345144079  -0.343792979047965463479386016843
-0.0658973099885034468981004351917    0.22064605940423689944829277465
 -0.785706127445712110279885109776  -0.593945837632873452349713261356
  0.258720764410278247780183846771  -0.242842684683195142447686976084
 -0.379629974857558061263063109436   0.491011114188434572014330115053
  0.176902782067810709909494448766  -0.394815824788088187702328468731
 0.0467424641627377790431552284645  -0.156224283392449925234046759215
3
13
5
    0.104480499132991649924306898356    -0.259046605026958920436896960382     0.582766163808426274073326567304     -0.37042970647510575776806263093     0.241610492237496921053008236413
   0.0192292871493535966198606956823    0.0467674024243261085564959955718   -0.0848558209962320397767854274207    0.0635659378043328254781485497915     -0.15576461588201320762614443538
     -0.6390749618542838073054213055     0.554772872009140938232008011255    -0.102273570441239386452636495051    -0.272022128151215236702142874492     0.419663607606260702365119641399
   0.0738678110758004824454303616221     0.182648009124350446663598290797      0.41175315760162656264498082237    -0.261540897587673792923368409902    -0.172503725124242085486869768829
    -0.03742924629982836287611647208     0.269112319591898352388881221486    -0.114340044939306995086525375882     0.318978288039391100205932616518    -0.346738513192909159066346092004
   -0.023085324433821420575529970165    -0.125261099009575133100824473331     0.147438357099669625771554137827    0.0589656664398630556145342040963     0.279180501900590238850696778172
  -0.0136034123484966851247435215555    0.0328812804440097375402451973514    0.0599441557381826667372237693598   -0.0447859583828803184402111980944    -0.110350265252301585339189671231
   -0.638233107139801303375747920654    -0.555860596073863177934981649742    -0.103008082653108928861129811594    -0.269426682660676986014181011342    -0.420944660438678563973979862567
    0.401942633568770413265980323558 -0.000350045631994597714400918597732    -0.576082782908943213939778615895    -0.638802157686290117410976563406 -0.000661057266692762651207060375924
   0.0426761048552045940684962488376     0.316735240867243084128546115608     0.237474078839431779197610694609      -0.1506624563768075575342919592    -0.297296854580089642272611172302
  -0.0374638656390221119751871015069    -0.268399758971033186583099450218    -0.113894085523941646087564549816     0.318630984974389963593210950421     0.347643764995342274826128914356
  -0.0231503493075937254175311608151     0.125528428906671513098913806061     0.147427325151786553503185928093    0.0597088119716374515766332820021    -0.279426198331445219125157564122
  0.00785852195611422971177617569083    -0.057300217879369751139417843433    -0.034566895056672958252974581228    0.0257427290885584234003680137448     0.191375792589435794743835117515
4
16
6
    0.577545409498427697592148888361    -0.635568075318494574155181453534     0.320161581845298470749838770644    -0.102975496975445557357176085134     0.271181428217009246051105719744     -0.24202893443926759564632789079
 0.000304492633612496682669196212956   -0.0738217137733783029807099751451     0.316911167847021169041710209058    -0.411885365746150533539093885338    -0.262773966760799781994251134165     0.295931853948610656956930142769
  -0.0581663791926512671603965998202   -0.0377828271658579364911112463687     0.155498760737063285164438752872    -0.114902590000112089785311297874    -0.319545276597794469797264582667     0.199734059301824057319763028318
  -0.0246972727958564876316049918614   -0.0232827457543821753072066371715   -0.0724324609753125153721597939693     0.147394729940471980178529065597   -0.0587589989771018922359857583615    -0.161214458111820613250841915942
-4.25524680144527016529588936411e-05    0.0136052243417208191395006977586    0.0572907870299941973657453786473   -0.0600539470288965898658872788474   -0.0451588623710389436283207942324     0.190758528734585958153147089433
    0.573913649170331385818144553923   0.00383084548438673497261497402633    -0.640887142867085812802940836264 -0.000461443589044167412713953746461  -0.00142111414711146104815353563566     0.485635615129779818488486853312
 -0.00212881185736743571215723314083     0.402211174959810346951627479939  9.95010931514329731309778659387e-05     -0.57663970076586468227475279491      0.63822938655483341108265449293  0.000988465782555176262005880438721
 0.000341317002044549207186857620044   -0.0852432828582504326098145952528 -2.26772591464146170694374943233e-05    -0.475207684652487472032333926109    -0.302581507275148986479962331941  -0.00139612322302492164634302174164
  -0.0583386772447181956025019644585 -0.000415203813237401413334393129873    -0.310484857840968020425975737453 -4.76298239320104694043828130745e-05   0.00053751583743303894911275131463    -0.400882812942962907243327208562
  -0.0248462550707303948815951599727 -0.000233558591786578375205235547085     0.145056623057958244960019555947 -0.000374966117723041453355797836267 -0.000847558475604223097304990020007     0.322530796809600173169485515245
  4.9013569536816064468702502932e-05   -0.0157192246467099568107972373809 -0.000172640990199673287699977386467    0.0692984339108848740318435943664    0.0518082012940410119306022806995  5.57257595646213092690363088977e-05
    0.570077919649128683765582081833     0.641564121914807272695213669067     0.320902030203088384219256568031     0.103180014151773219444052642757     -0.27026387712832594667489161111    -0.243696884826689552649980896604
 -0.00028657067523938923973847447968    0.0738844169386972254853773733885     0.316977928816723764082752268223     0.411085875196918526519596071012     0.261118063604476979833179939305     0.297383178681487503336455802128
   0.0585845987725558750569554433696   -0.0370167416029806989330452893228    -0.155441243621528640828088896342    -0.113792885714362773663665961976    -0.318560198357899282406435759185     -0.20107545402389226385508891326
   -0.024991674391365108903739766788    0.0229640669550274754973084867515   -0.0726104618733313111889060564863    -0.147960071484808636244068225096    0.0595014711751843811127216099521    -0.161517188540996226020496351339
 4.23693818970173534757019118135e-05   -0.0136229879049427331921817696525    0.0573523516604855718159505784115    0.0599597519786845764566685090813    0.0445385488348177260853333336854     0.191446151228069544325549600217
5
13
5
  0.638962634094468295842261795769  -0.554756216886940434207531325228   0.105412093810342000210766855162  -0.270372101878308679356877064492   0.420060460024055171146528664394
  0.402339684805420427782252090765 0.00051943543891675998235707423234  -0.582279575570970875375564901333    0.63310626240862966085387597559 0.00105418749661096615780064844614
 0.0425738209557788224723928749427  -0.316931619333366776380955798231   0.236580958713909217383530858569   0.154353509967629337618078011474  -0.296163402716913215506622236717
 0.0372733946012639497102902907955  -0.268921020306913116648672712472   0.111855678402903904733456386111   0.320902903752340151743993601485  -0.346375123187462663487679037644
 0.0231243860147489731227121723123   0.125739564827801492130632254884  -0.148139554378317550575872019181  0.0569229600785438258347959106231   0.279262373593327173360023607529
0.00785533785690970855208892231758   0.057302642100257018820119725433 -0.0344199189079825301762483036327 -0.0266343232043575600664908620274   0.190774608569791948031735273617
  0.638140923362457312961737443402   0.554951589223584340615502696892   0.105795789829210798438374752095  -0.269196270188217623431370384424  -0.421670892620485515678296906117
 -0.073753447726727108801902943469   0.182752828656666949092013396694  -0.409416220639539862879985321342  -0.266275846722975051417137137832   0.169890935574869200719305695202
-0.0373027320834702982854658159795  -0.269530778130774695267035667712    -0.1112928221456666449951100617   -0.31917762874889515911647208668   -0.34779466745016340833984713754
 0.0232079341523127764823630769797  -0.125780811800288605528663765654  -0.147976224052282417931181157655  0.0586235480930842253743939807009   -0.27954034568441921138060024532
 0.0136156017162237016199233252678  0.0332633935328887214710746889068 -0.0595981717858029003132003253995 -0.0457096090610732350145717362011   0.110287850533359349514128666669
 -0.104407657025199954170524563324  -0.259318929806172326912871994864  -0.578343455579931942089899621351  -0.374776234176595224312222853769  -0.243063757278631026315096619328
 0.0192716350859927915140090703972 -0.0468699916292030505093890724311 -0.0842374289659289371412498326208 -0.0639919152083481962423050504185  -0.156398784002641622059570636338
6
7
2
 0.784396672366856395619549857656 -0.595530161994116347123906507477
-0.259100980662852198310730500452  -0.24218739170880579369971030701
-0.380954658201072160483846573698  -0.49071146616674338192254367641
-0.177935501242695859325237961457 -0.395095742603405408743810767191
-0.046796813879116466727836609607   -0.1558062161770062681309667596
-0.366337887856202804037764053646 -0.341745990153381695719758681662
-0.066390195989963082801033067426 -0.220736960693911132835864918889
