5
7       2        
11       2        
8       5        
9       6        
10       5        
5
7          7             
11          11             
8          8             
9          9             
10          10             

7
7
2
 0.709303818218836035214280855143 -0.645286136554141354082503312384
 0.298670925305032419760919992768   0.16649634698558612999619299444
 0.339466487473341460567866079145  0.314410360629296281587130579283
 0.293883900331558256535657847053  0.413767324342399878123188727841
0.0974265027674219158404511631488  0.278523561160804788983114121947
 0.422142527755064889127822880255   0.23578786953752714494747522167
 0.135581310161515394829834235679  0.390712427885562374463290780113
8
13
5
    0.6074820275073224973283458894   0.010025307717495574033605976183   0.573059368502968902170380260941  -0.495380858396764822693114638241 0.00298951883917763800574407540012
   0.55597531077148987233016441678   -0.50404977129554195958149875878  -0.277629754593139821405856082492   0.298038189084429638864293110601  -0.455469872049484081344417063519
 0.0362778312849973069709186290766  -0.364140195853093040501136101739  -0.180515768616458044393269233296   -0.15509775367973685500366798351   0.202434000053740875690877487614
 0.0260884122247468999700181768731  -0.239104193069417991779346266412 -0.0288840492694234715620460463015  -0.240001929833114718837450141109   0.222461084578626788754718290875
 0.0237280580419085285193148138205   0.208451077190922429149821937244   0.212692112780018149909011526688  0.0542696676729619090218115218249  -0.291840687719109648234905307618
 0.0212113417383531129012386173827   0.119576514994294239024874570987  0.0936533872221071428398886382638    0.14814748355734272400319184726  -0.341267052370474943678857471241
 -0.549398089420445434605255741189   -0.49880377014215443454148157798   0.284099081483868864950181887252   -0.30904960084202254266827480933  -0.457409697206213883280412346721
-0.0625547076270091678695806081123   0.209859991972103754331868685767   0.315700651524309261475309540401   0.267148569963016002670741499969  -0.118008788209680332004225533638
-0.0260644303118850693967711862342  -0.240730623388731329592715724175  0.0318111715696990995927428969026   0.237194139816542637344554123047    0.22162071473650782338360443191
 0.0238032769321135477536000024656  -0.209635840222293257095742546881   0.214363205087051034158918128014  0.0504558451697478191344536924134   0.295070011938782572613604315848
 0.0366407423708954987917607581949  0.0665722196407391858530289141527   0.161846964613506755226168820627    0.25451003314334824656484101979   -0.19443229849931184527456196065
-0.0885079562158813670791346339684  -0.299467449600543167420596546435    0.44856503007079401301737675567    0.37536886466356289560053483001   0.165282690802900755766557949755
 0.0517098353882154068705823135588  -0.097244946824993711009810226642   0.228796430862546362750009620868    0.35757226084959248257888475564   0.275647541151813224580280348164
9
16
6
    0.548555024758513365412682105671    -0.570255810503059623606247896532      0.29097784877207477638449972801    -0.285222266620344111487383997883      0.30625209571616601733623497239    -0.262714019732695536202271568982
   0.0628329038985013105245158726575  5.86240837617425097905154984801e-05     0.363748522268874607821231847993    -0.313545970410782692816553662851     -0.26559489051877660514833223715     0.202130852421057050083419426301
   0.0259232319842003511300987383947    0.0722292626526407910425575664704      0.13916251751779548651022366812   -0.0307874011637528019469378648409    -0.239312850037299823524605812963     0.128899892853284930849255829344
   0.0234540933940570531235358942013    0.0517439318135862261205382139906    -0.119909079151341191327162505331     0.213991624036300648326047735281    0.0516053480832469116390548435902    -0.168131530478927510019460100921
   0.0364528908411835272929124585062  0.000316939160782441203129122797577    -0.119499100890800111218759127496     0.163371764392737789384213442645     0.255120422146562997323115951076    -0.341288455364918641432581125628
    0.614430973750235809305308976036  -0.00748258052285702066064310145066  -0.00878315778747652126101641556488     0.568939070756373399539995716623     -0.49212707301916430724375572936   0.00425857316160497059720491108692
  0.00716433532296310848774822943597     0.570483470761137700932863481285     0.578897216396649927361295340233   0.00578724780049630349587630462338  -0.00789166112152708820737245787313    -0.526954915073042151618665229762
  -0.0722381579147513136485159179756  0.000188222778743539747442481413486 -7.84756078973172788160184154549e-05     0.364594008488241472232260775854     0.306668850971858586440532690176  -0.00202052914274163109009663230609
-4.96848017063227821721316246339e-05   -0.0723072300744715540377072215961     0.276645599686504373160289560474   0.00169961413844594080857497431225 -0.000175444498080553875143938746817     0.256855105202760003457740367594
 0.000413371906378242042617854323794   -0.0514489591445857485929593622132    -0.241676278846963743518472256255  0.000112866947580732290834504283339   0.00321227010375136007649943259423    -0.339406882318401104114968802605
  -0.0419632320825984311829515149839 -0.000374851033000660627952926873263  -0.00234062569019589765406674786163    -0.187797835120712047762836505171    -0.293224258157183170769854996252  -0.00162276937605137648763797830753
   -0.549137445029495463444391134544    -0.570649168728498468183829572808     0.288454960089540635159721659875     0.283497572237092931857205257984    -0.307577516322236232948483802829    -0.264348813200738108619702870783
   0.0625959009412860450938254075481 -0.000386835553810443988353995337093    -0.365360451224893356680922806845    -0.316393993106997561959303766344    -0.265332781768962022717062154697     -0.20198842938044242467654498796
  -0.0259490441148029910012340337744    0.0724696497143339363189440405222     0.138689451821702697253968494806    0.0301214278826428608071275050406     0.236912652924774508322869337462     0.127161121832927659358603023065
   0.0239645208171160202514915482652    -0.051363733844343978374169523704     0.122116526318619203483883950412     0.217447396016787974915018821775    0.0560514782713075337960972888141     0.171803263577925607874519187135
  -0.0362556332750678042553538205084 -0.000335944664751806464780825578487    -0.118355036917077258151742569225    -0.162218956489590643288423166268    -0.253152336740971095618846220532     -0.33692642373066505889767086046
10
13
5
  0.088775148148463461916790606665  -0.297726455162546088661912335738   0.445158661402510702487234084401  -0.374478488050151714361390986596   0.165741737848183912085175961693
  0.051155327524586624576841131784  0.0972199504864523361691297509424  -0.229087930258692423768351886793   0.360725195039880097702678085625  -0.278530861302447141358840099201
   0.54865780865085556072813233186  -0.501285189034912259664622524724    0.28655924964044593439282948566   0.306180188851892409740429457088  -0.455699343760446184958823323541
-0.0625055184995401136305304135021  -0.209366706434060884101100441512  -0.316174024305713341487233947191   0.266238667440915288686653639161   0.114230776176180645609115060779
 0.0257007610602692365686650077805  -0.241268363029608079450838431512  0.0301251430478646775590334527806  -0.238189213878558264658735765806     0.2239192990514512204835995135
 0.0244033901212534418134758595897    0.20756866171643759133580431353  -0.214539681250920294397488419236  0.0543060341931905082857312550004  -0.292931324672886239657287887894
-0.0360466967241945893118959531876  0.0705795661738809199103883429416   0.160916760372042666471514849036  -0.254779396518073075750265843453  -0.197248949347352958705315018051
  0.621146183993325995409406914405 0.00530204871059473947791929049345  -0.566450729911928019255640265328   -0.48734412509618257880461555942 0.00437821615978523353412965590792
 -0.541490535523425409181186296337  -0.502146947109172181455960526364  -0.290067350737437168461951841891  -0.312293009972123947193267667899  -0.456575601927801832946585136597
 0.0361114177338774031134072117766   0.365191270381372889985982510552   0.182455944816864584767657220254  -0.154408302412005871140365798055  -0.202735332817917196512880195769
-0.0258546652622228083362454498229  -0.238849088628791117461247495157 -0.0299796626706688024155411653737   0.238224584135419220620732971838   0.221756694712380270084750577553
-0.0240091718741431980888023645093   0.210152487746336880114483847137   0.216089675240272532930063675849 -0.0560749990008034757127397540444  -0.296049459547937876546797042465
  0.020756572352670549924669174402  -0.117269116602701797824614970978 -0.0924773985604832177154221994897   0.147137926859880557861615102411   0.336125770587549166368290798346
11
7
2
 0.420698914308329674494046912514 -0.232770396871833290530773297178
 -0.13753329839619732322120171375  0.392114652575770383791109452432
 0.710041712537217706291414742736  0.644443128791386099507576545875
-0.299079325394969453011384530328  0.167104162108317688684167023894
 0.339828525467129494153084579011 -0.316661983700143423448025714606
-0.293361407049005540326191976419  0.416748157182015244170969481274
0.0945779944999068922228957490006 -0.273641107839525943301595134471
