5
7       2        
3       2        
4       5        
5       6        
6       5        
5
7          7             
3          3             
4          4             
5          5             
6          6             

3
7
2
 0.756810261608543810574190047191 -0.605663791903977233310740757588
 0.310894106151597127141172904885  0.250302505776438477536061100182
 0.229309116384600553129047284528  0.261718501679363113598952850225
 0.274153426397497790301116538103  0.436321214698775994289547952576
0.0624686970291934290377966476626  0.250432029198157768412613677356
 0.437365354584457355358040331339    0.3531404385179772731362390914
0.0874615293847548352923482184451  0.352452663057113424471822327178
4
13
5
  0.651566239972875993480272427405  0.0128209637236436080343082721811   0.559122770240991329160351597238  -0.470305601029112896327433190891 0.00325275842188994758139020113674
  0.530990906621247482632952596759  -0.539211063855820516010908249882  -0.276442163567010457114747623564   0.344196874197646551785112478683  -0.427275887232146767136242715424
 0.0411241418236985983858389204215  -0.377373988874552424022112973034  -0.204344740806878644168165237716  -0.183384601369863731168408094163   0.303833253802762992545893894203
 0.0211923494010053635461243715099  -0.157913949469994152607910109509 -0.0013893948558370630697034187051  -0.199162273091651242928890042094   0.181334911662694858724975688347
 0.0179430369404554070078550154221    0.19717023690994595064296390774   0.178985274117931109083556862061  0.0517247279971115095364986302684   -0.31061019867512351666505310277
 0.0143286639586970888926575895539  0.0772541177560389508149896187206  0.0629732082061288389596143133531   0.112836367263913092684468608695  -0.307346813416777664418333415597
  -0.52267887076845476190811723427  -0.530797644704306015306372046325   0.283983634354260161547500729284  -0.359961577221319217745332252889  -0.429633833727485203723972517764
-0.0707208379915415519256782772572   0.214913701673223517252253600418   0.357215655031488166226694147554   0.314028074894644959602629796791  -0.175768415072774908392005954738
-0.0209747123410492890271950017222  -0.163938251405303714314243279659 0.00601991266407765623913661556799   0.196433917851074335558791972289   0.184438454274267943366893973689
 0.0183727374907516269320062463066  -0.196699881932770992420955735724   0.180011464573534951671973658449  0.0428828424117329645715024355468   0.312148504533679538308632572807
 0.0247404359724119719821100460422  0.0431202517277156013864036765426   0.108941219447131310005261184415   0.193345175272952751743815724694  -0.175756285415397367488665736346
 -0.100190786316856905724392845514  -0.312206947516158184185997015447    0.50675951195429180806684144045   0.438673736407573122697556300409   0.247680561883133087963670959653
 0.0349299350728647373109936324909 -0.0637310030663341964274337669849   0.154395315428577067917714771283   0.270573358183075096672354220573   0.249232920165182225691324902073
5
16
6
    0.520884710286798946476949367934    -0.569644194867844344543073020759     0.311724128117676191340734703772     -0.28647254954192241660493323252     0.356551001340124018579302855869     -0.24621450128740671181581944893
   0.0709418439365497172088836919102  0.000289761927612574297138253731632     0.376923665381211303593289585478     -0.35415323822721450630623962752    -0.311952548623385117476658479063     0.302853299021776933841465506703
    0.020270664079514947447657746693    0.0738359818282117025267652365983    0.0963541439736865096277185216422  -0.00872963349141974570555291279561    -0.199849409527317306567439914033     0.110142866795840801974470934965
    0.018064793769972331549666932915    0.0395627522308807794138019175989    -0.111117882152059990752412943493     0.180657364500111661254067030313    0.0428099366557429319990468741253    -0.176825296902950068744786449315
   0.0244868893547851920744484743864  0.000291946074307134677359304442135   -0.0779718669729128621703750923189     0.111119144171357736583516384599     0.193696474233719689861388246754    -0.308017416486166317746153708867
    0.661013485959901725408371930826   -0.0106354604311856663911850517934   -0.0124725615374587303629816403827     0.552690826242015709190980032872    -0.465395816348543267526594036099   0.00458831103848063564382142587306
  0.00935517290327276922201615860786     0.571212414591689143783526105835      0.61749150384611428687975376306   0.00886190231102122749629046438713   -0.0108379968756694890913427897772    -0.494639233524429178245895855071
  -0.0812890705692265597148704614483  1.85057845872483195826668778139e-05   0.00130011203072086939380724857074     0.412625846502605198029556277106     0.359044760606995694285359377318  -0.00188238793528054757647760553141
 0.000215471078025449475122979348107   -0.0749010145397499133013141658921     0.183574949534135861695105518265   0.00176424951746539937502689099347 -0.000661596673142843196176177134049     0.209792687974033331688161752027
 0.000258203076141554793178356508321   -0.0371873213029130858520154845337     -0.22964054372810038806562715763 -0.000313061591140037856484390488276   0.00372661626315101343620561635817    -0.361610007456432069883334179394
  -0.0281840990076645155071322079721 -0.000325988445923285096762767043543  -0.00137447788189363866162562288764    -0.128181198036513899207733402363    -0.222425533099964684025096062214  -0.00104732824768323192800301146832
   -0.521099693230577809544001866016    -0.572764979982382738121771126316     0.306879937208487163502468320075     0.283318120329141442947928908325    -0.356955060943158264397112588995    -0.248506802224852801908028254729
    0.070491423450717793919295672822 -0.000338472249945282062898177510846    -0.377933486940018381616823717195    -0.358347894668307243026816877318    -0.309640226743861823877068673028    -0.301795054727743539135786932093
  -0.0210829783718264641978468176831    0.0747794388598194970096955103145    0.0949878314737671314293976365661   0.00554352479188587477648697543486     0.196756249483809236844322754223     0.105280590635525042597642197961
    0.018127988196803758447206433857   -0.0380339811206506991925202498805      0.11454004490241173619402559325      0.18467418407963559490170268873    0.0490777864654905263130935111349     0.182029525169418532337672900212
  -0.0243672857589899878594241755536 -0.000269017755224831703938365157214    -0.077492787731006915197262685524    -0.111315543696513488680643888529    -0.191674833624515456032000315645    -0.304732444595327500724835090296
6
13
5
   0.099939155532778045643027553524   -0.309621410176537437131116803357    0.502424660648864818135450605041   -0.438354183830854948755728628385    0.247784613060199609968492495682
  0.0342012735313897767164270646845   0.0640284049187146153681027271887   -0.155874998030307021501528197405    0.275076687007487330483002097026   -0.251797188886078271430335462355
   0.520414779084098166883620706358   -0.535321549509060856664177663333    0.286857314835991028534323277199    0.356803174416263746415722835081   -0.427143212852684639457834236964
 -0.0700954729215527427843568375465   -0.216461334025408208558971523416   -0.358231754098051302648286764452    0.311332672024287715473178650427    0.171698224826397183306880833698
  0.0203885161024061276058283453949   -0.167133775795911460049225638613  0.00800370720471422353314849829076   -0.198892871635013485098752994418    0.192084755184398187077832176328
  0.0188864485295965611744151146922    0.192829417066095826216454156565   -0.180056951884808136288285140836   0.0449659656897967233146751198092   -0.307839315165659876960546625924
  -0.024115207677556340509772425662   0.0460100141771381879185476293515    0.110048456352153697923590414121   -0.194300217110250417196226635497    -0.17811487127294958754397669054
   0.669919954141488305232599032024  0.00880227521617922559205027255302   -0.548672778157197726933702597307   -0.458542135268779738055400230223  0.00460349616117610837412454927176
  -0.510245979573166974496700731834   -0.535414029178225225891196714656   -0.293755335215481194754971738803    -0.36295997641264055033616386936   -0.428931835283040630013573490942
  0.0405141901800769380082023474188    0.376491081283013895308897645009    0.207252119302680115620063361348    -0.18027886311660745732865507307   -0.302151976782965792089896694961
 -0.0210628999594304339160188987989   -0.158858737373118563684926130009 -0.00365285755187216149009188370655    0.196923201608147052654729236565     0.18074459686135530001038773662
 -0.0179394690864029676680146963008    0.199363845705264108865151229111    0.183552354690492164346338199721  -0.0523347228128440075667349162813   -0.315225017127895634772016819625
  0.0138929176008452236884549435558  -0.0768324953058111825843212727705  -0.0637796437024826801120980235282    0.112205292604682566048879266418    0.304216867896311138341758351089
7
7
2
  0.435353211315219312815827379382  -0.347949541210323343154442454761
-0.0900826505321845744100883734973   0.354714413144861406834706940572
  0.757871145974083670893151065684   0.604287516097117616276079843374
 -0.308560505157035203094295638948   0.248515253511231548610993513648
  0.234988459749316258573514915042  -0.271893571676303458239942756336
 -0.271537611089671226949349147617   0.436975710417415175168542873507
  0.061823844721479358221838396048  -0.247611959982842549932158249248
