5
4       1        
0       1        
3       2        
1       2        
2       3        
5
4          4             
0          0             
3          3             
1          1             
2          2             

0
1
1
1
1
2
2
 0.705880860375295182684851624799  -0.70833058027719886240447522141
 -0.70833058027719886240447522141 -0.705880860375295182684851624799
2
3
3
   0.57096095990232609285186526904  -0.711369605212961664264526007173   0.409825410445191662400787890874
 -0.577512843954360532983116627292 0.00678281470451524894776929031082   0.816353421314831462218819524423
  0.583508780855234054918412311963   0.702785371364429867213630132028   0.406952361414698426944624998214
3
2
2
 0.705842670994041632148707776651 -0.708368635530962187374370842008
-0.708368635530962187374370842008 -0.705842670994041632148707776651
4
1
1
1
