5
5       2        
1       2        
4       5        
3       6        
2       5        
5
5          5             
1          1             
4          4             
3          3             
2          2             

1
3
2
 0.864161399615018366304752817086 -0.503214678289502503893970697391
 0.290385205356223030648266103526  0.499080361904293889896422342645
 0.410976286330047124728537255578  0.705474152549525834743349150813
2
6
5
   0.727965155100883998251504181098  0.00138725713772839751025678367569    0.572987387975659290262342437927   -0.376496735607378729682181983662 0.000685071410545805888764325786155
   0.475826556316675974844798702179    0.611012780046001457989746086241   -0.352491259134269485642221297894    0.386466916480524280697039785082    0.355873086065592592053263842899
  0.0395320301717000804897494958823    0.355850910408181286825879396929   -0.206013990914495181971943793542     -0.2369312290974926460407345985   -0.610994308941397390455563254363
   0.477468387506309099865831058196   -0.610959596878610455839009318879   -0.351584671850214525168354384732    0.385223313973918957131559182017   -0.356010497277780724179052640466
  0.0685314625553787998279986481975    0.205762874116426464077278524201   -0.356683685284155393979688142281   -0.410168569746200917247591632986   -0.352308778666936606160930978149
    0.09705883486529549852850351499   -0.290553950785448933391563741679    -0.50414141684089175399208215822   -0.579760179716305334984838282253    0.499174200089284425541080736366
3
7
6
    0.477952989644814973946296277063    -0.577732982175452658424319452024     0.352504269295290606489601259455    -0.350449884928245469772889464366     0.385341332010551207432058617997    -0.205482838463005912377212780484
   0.0685903532369279977931597613861 -2.03804312148204273022304711116e-05     0.356081401439354905402723261432    -0.356985200714965089652253027452    -0.409974256424054162017966973508     0.610775737333433155207274012355
   -0.726523683999389158216786199773  -0.00228173851854505732247857530126  -0.00181926898581866625277669857752    -0.573951864646340847997407763614     0.377800870009566358564967458733  0.000761269408312924234991103666914
  0.00177301887241272443027084726452    -0.577345784814628615322362747975    -0.705424584443614444140280284046   0.00173234746891731683504644934146  -0.00167090261208148308826049177611     0.411143505457543634307171487308
   0.0792664089704245844458796455001 -3.86555610582393931922220997599e-05   0.00034951979689044426974700585653     -0.41193999779366297087079828998    -0.473327994530510720583293959862 -0.000523168869525079938652412092637
   -0.477501590746989057478799622913    -0.576967274319231226975546178437     0.352938736422238497070225093921      0.35152041175904558123477272602    -0.385595403296616845434385822955    -0.205632701678494789199191927764
   0.0687427331976152716785932739185 -4.67738568137435520820355261407e-05     -0.35602492576935618195932420349    -0.356456924466364566406184621883    -0.409845912714275673049968418127    -0.611068865567290120388577179256
4
6
5
   0.0971984454300359596023994868119    -0.290946856912167872710739402464      0.50482821550701739710120818927    -0.579537627515431030822412594716      0.49854581968301187044900757428
   -0.478095809843412322681643900069      0.61045363396847063253147780415     -0.35073132513285765199384513835    -0.385944371585785206413277137472     0.356097150708328258339463445736
   0.0687824605694223462082348419244     0.205312888513474262053293273311     0.356639073535747863630263054802    -0.409883735503541846156849715044     -0.35307897551782380096696556393
    0.725050536230966047313017952547  -0.00176955119554842105547565189738    -0.575043539754157229104691850807    -0.378976402506031539996200763198 -0.000633942118813989106788919780655
    -0.47954801339418712258222399214    -0.611264685855153477866963385168    -0.349234003154903938082043168833    -0.384098597345359449306556598458     -0.35622044904266692011418626862
    0.039764993336470245977043447283     0.356223606113967528052910438419     0.205682084911453927356106419211    -0.236692960532446566856989988992    -0.610809881863839776450220142578
5
3
2
 0.411265442813789905418531134274 -0.705418298988892411571782758983
-0.863804195158927257125469623134 -0.503827588602576925680409658526
   0.2910378806496090042799096409 -0.498540654725901144495026073855
