5
10       2        
6       2        
7       5        
9       5        
8       6        
5
10          10             
6          6             
7          7             
9          9             
8          8             

6
7
2
 0.407649751718629604901877883094 -0.235981136132689617301849693831
-0.123071147353872034635458021512  0.356427795504741795618031119375
 -0.70857287890825626508473078502 -0.649852804313024390303610289266
 0.288836814455521839750673507297 -0.167206479219617482057103075022
-0.398317115171036462140108369567  0.353098693710706457160597437905
 0.258098060812336604907812898091 -0.422142584526789821364189947417
0.0888921215312510198947038020378 -0.253224025012371900533736379657
7
13
5
  0.0931882193290604898816553713914   -0.297709546737174979291751242272    0.478009806914162560520509259732   -0.360029317715003627231595828562     0.15597757932182479412297482213
  0.0500240129920457091139418537296     0.09326370124911818881852099139   -0.250277531186138435526089551786    0.278800516115914720494117773342   -0.245915357359709985107798502213
  -0.599707034481548384441396137845    0.494124641724756175076294084647   -0.199719961180294641733823368668   -0.304151852689414081698515701646     0.45859642631674263357766108129
  0.0653925411605792011870974533849    0.196369866804274817440045808326    0.339242453256031084585231383244   -0.257131024498690075041906766273   -0.121435489927133904997091917721
 -0.0348758393079966963479243702295    0.289828384261833493784621396117  -0.0686144104289951178854423119446    0.273766721479254848681250678055   -0.247233114475832016498912935276
 -0.0299112636481449652159358976178   -0.187181530917151672799292327909    0.217685016687132415480476765879  -0.0127291813260943624530607820589    0.297151550622087534669901742745
 -0.0349821878532395810768029775772   0.0587344834310900634766205996584    0.175772128483909856333511356752   -0.197040378811931038427474049968   -0.180817380009917733074686907457
  -0.596903200287777102595043743349   -0.503381555744707220867439900758   -0.211938890639076948918528842114   -0.274250083001900235579739728564   -0.465328207838029805909485503435
   0.511189042891637912546798361291   -0.004829704257683924313593326616   -0.570237652761473312601481211459   -0.576550477751826107031263290992 -0.00361769335002871993481332602016
   0.038086183964702431670179549883    0.346838546064253738787641623276    0.194252494167904576904959412786   -0.148370689698532037814615591742   -0.200676202823824340049085890314
 -0.0350575038468040403594194742709   -0.275816327721293053087947555468  -0.0675292958554645356139545242513    0.278098635190691945151542086023    0.249561690197186158979292258664
 -0.0293721766830152032634604353234    0.188855702304877581809705588967    0.219682289786565315692357103217  -0.0147591255097170390847560739189    -0.30221789036387441962361322112
   0.020102290779285644783946906955   -0.109585800195149324354204622978    -0.10129221196407697802577274615    0.113556959060967549435261503277    0.312394193144261478334300363713
8
16
6
    0.593478750647635666659596154204    -0.577993609632783233998054583935     0.287008287915904325426907917063    -0.204114054289369739603188236288     0.296076208107055260931872453511    -0.262082973278805531069934886546
  0.00182923498789949170659219213064   -0.0659349054386131200322651579881     0.355025356777020462129001998619    -0.334621272242306588839966252635    -0.259681958089860609462107277068     0.191455000414967296817891906358
  -0.0602026472042688359787021568081   -0.0366072941675088178725694376681     0.167763199627574244310324047547   -0.0730692445320132721864325731076     -0.28225690267955105827724082701     0.138922995612076105587107122119
   -0.041460554938064109187223493791   -0.0308761138321426431563310188722    -0.110076434077692811297488617583     0.220418428822604067773838210087    0.0169151845395044235498271945062    -0.171503310751627058294843664044
-0.000640460007859241717276255201341    0.0353470047327620329191688597348      0.11160229391909413931838201961    -0.179197484881045893123641121747    -0.199445556159271397689281002386      0.30132064434293315269286495095
    0.572721711552026113700719633925    0.0219832051043488546637760805424    -0.572981778747597925161016974016  -0.00493714876552407266191435653013   -0.0137094519507360689675179443725     0.535774645922868719694065475778
  -0.0172421154667131912296973439425     0.512255034725440316911715399328   0.00262098616552601006157718899203    -0.569445208283524073600290194008     0.575935804895919778445545489376    0.0101981139434815480659946018704
  0.00230380406514877917462102985269    -0.075735716370952652076731226316  0.000330696046124332495696335199042     -0.38817214562070950778505107337    -0.295543545444857613802014384419   -0.0113469415102776423343033940228
  -0.0614136565526693725680651425591  -0.00190791957987524428419501276721     -0.32541790433729983478272629327  -0.00224380762073292383540490391169   0.00304489925095376362876309350725    -0.285751052165484464850919721357
  -0.0420174198278021882035915268716  -0.00215717983639349955224395749553     0.219911356610667213518084395218  -0.00127233290394372883062856782743  -0.00829655136771452472732590877058     0.345070429996998606636537942904
 0.000838836480453025810227751790649   -0.0404511060097848887395777239817  -0.00395545133727178994248463439476     0.206623875724230438022388511854     0.225411444486850964796786911393   0.00370752902387304437287207647955
    0.550228377031213633507888971508     0.616717963271485758447454372799     0.287670837269873858055291293567     0.209286341606375325685718280511    -0.284334415387284433762715707417    -0.275048691354987273616217180461
 -0.00219875621056914551457173168103     0.066319946341060725947258447377     0.348439701615011865332149909591     0.333456369239114980285165756868     0.249645009781775034651829514587     0.200508294557413840886184175361
   0.0628036188253621452393105073497   -0.0328930356958064204486724690923    -0.165160596655930830278791177079   -0.0702834301637510067140013347853    -0.274677535287400520491729594141    -0.146387945079984538310213793011
  -0.0434077000563843351521597924147    0.0268640537996909720130922494263    -0.111686971039043916875677098233    -0.224745165743048452844377038673   -0.0125121620693994777678836882728    -0.176182587135868901073720849126
 0.000833153074768783934514471134491   -0.0349450918323425396838644019226     0.111182531099247347561309595676     0.179490758180997439508175261835      0.19045509376787408961639869176     0.314319984368934268736950343737
9
13
5
   0.599116791588883645935936783644   -0.499070458305391262410211083989    0.208985769510979496610403316481   -0.291536480388434493526972346444    0.458324124436070179378077682486
   0.512356046604089399032488927332   0.0100177681615463386177733440263    -0.57775926403781263651637800649    0.568424088468151178510368026764   0.0148406392160243122413376681834
  0.0375429808613317872456605073239   -0.354153201909515269463213371637    0.192705966955128343842673643849    0.159815235703744007444981889421   -0.195984553123977806032840476291
  0.0338770093363644497763687013503   -0.280060943739619427894638192811   0.0645939899480696688716108155859    0.288351241834402471919673871525   -0.241197220574237675139173120442
   0.029567481406965707285694477946    0.190638299684770057274008081549   -0.216662325988330961568095744951  -0.0288484536488212255089802482644    0.297065548605429108341979826946
  0.0203731967678380462838383380131    0.109751856481201379156509290169  -0.0992398511005491146264034796332   -0.122168702341450913229081720601    0.301218491180513303628885068974
   0.596740611342910010073126159114    0.490489511379604448126912075168    0.212283431932649480078367787428   -0.281295514717077477229167925543   -0.474707581290264635232034606815
 -0.0648268133353391839968082877022    0.197545891285330593722946446178   -0.336212244390544867655989946797   -0.266345817818820440603388988166    0.101050886700692899022868687098
 -0.0337933137258801113977924046594   -0.289561617807355731191165659766   -0.068057052784395499767100545796   -0.269455894485090385881420615988   -0.252037952323085789885226404294
  0.0304676280275135227815219707281   -0.191268741844691697595592927428   -0.216957575154328841104955927221 -0.00477504061183541689272757935214   -0.299722437571054212135379657411
  0.0350560195288756593079426693293   0.0664863666893150129233447387378   -0.172913922765932981384651156986   -0.203060568082573694725923019178    0.174219857149876172774938254406
 -0.0929666556060849552656222272162   -0.292506016238515909044792806526   -0.472948371277516599331391944361   -0.358561363528293042257644174242    -0.16750415911266575141880252886
  0.0495989953984457623836767936609   -0.092558411214725549998050269096   -0.247053494190224404158939819354   -0.273787099460977456644172889355   -0.258508700311526951054474920966
10
7
2
  0.696776583327331500150592091813  -0.662648493006448791042828361242
 -0.295583912676755600212885610745  -0.167536609276148523717253624454
 -0.403945325854784875740932648114  -0.348130024456695441603670815311
 -0.266323899137733466346844579675  -0.418906210289596736551231970225
-0.0890259798110380612401471012163  -0.246227041794437384591986983651
 -0.409994139582934902232835838731  -0.224213542883398592175936414606
 -0.130428058284518172404986557922  -0.353909682543381676200766605689
