5
12       2        
8       2        
11       5        
9       5        
10       6        
5
12          12             
8          8             
11          11             
9          9             
10          10             

8
7
2
   0.71343694089316722628524303218  -0.638137693291983554289004132443
  0.284624179414727285220010344347   0.162985342832505236687623551006
 -0.396438094029272547480502453254  -0.344845923961430211868162132305
   -0.2631480187235587520078183843  -0.429550194822242659142830234487
-0.0880475106988141270614178779397  -0.267078072424758061753635729474
   0.39953461857718663985394869087   0.218690023904927088871374962764
  0.127304713675182396004359475228   0.378982793740633649992588516398
9
13
5
  0.591142852389242579036476854526  -0.512130985743411537569613756204   0.272674080261528728463815696159  -0.246097920171108291986783456196   0.440791998774654525394822712769
  0.527920926237814613912746608548   0.011835499208802028811571283029  -0.664318086200642476946143233363   0.449761218292536513185808644266  0.0175108935638646559529441049108
-0.0364675697875659274305171209107   0.344362538859840194849226691076  -0.154340126098761881712206900374  -0.184798416891311295673361314584   0.191996892869150448390769270191
-0.0344997187128490631624622153595   0.276593597916538758152427135428  -0.011691845970083046199472498472  -0.288646118135129470250177519119   0.241819877169955704809822805146
 0.0311370165734141529645384594005   0.185419322134729031015254463455  -0.212845148183872262537263964077 -0.0757764597178016696688018782879   0.301389767312477685479166211735
 0.0228702358167581047687644257849   0.105860258120444097884593759318 -0.0797964468149758854309538946836  -0.153934790574964397436019680754     0.3220401061322013536170061343
 -0.590523267162109677386183648196  -0.500165883556418444655378152675  -0.275347472892355005225084596532   0.235822357746388877597354394311   0.458325727375051505951830677077
-0.0628187499023138973264224205195   0.195153776801361505954801600637  -0.272497181869968185807806548837  -0.308086777412341084048108541538  0.0996817934717470627292712492817
  0.035125022796702903837839926382   0.279117270851378607154913424893  0.0204688857411287027099344726366   0.270582944964761984429912899941   0.246273623518187656511457817032
-0.0315742714360695078679164282676   0.192910036989974970067507342719   0.216945793379222290342411838537  0.0496657959694463135846831391973   0.312522204951656501492607276305
-0.0392009353470586865975100465675 -0.0623156546901969185525693717409   0.142684554972069638223430843027   0.256950288812147653594308849279   -0.18249258205901872087473236661
-0.0916127302076081284631925427675  -0.285277195586227272361412587998  -0.384994276577262484195784963958  -0.419546670795235221440577788599  -0.163695752043059084002152303583
 0.0548882143448743836655623340448 -0.0909258955287518405574687108128  -0.206318563768838170169317436375  -0.349272535551040652634924299491  -0.277652481463578792997282107535
10
16
6
    0.594366324618937347246117042232     -0.56987017092453728928092004935     0.295814357301278030298874455184     -0.27355148606290474733171436128     0.245954184596626684866649270589    -0.250478086701134416980352170867
  0.00224245363443380252288505971592   -0.0645621694418428149209177036028     0.344682194226325233632479694279     -0.26457293731083197929621064759    -0.310852666327789739497688970005     0.187052234261760264022456112798
  -0.0598521622810915879253634841461   -0.0371692319852133037927366387976     0.161385200177590698578100614213   -0.0124488139312908894368314705048     -0.28235856454192043152318092325     0.136346050299627402635493922389
  -0.0437773108810303734905744477146   -0.0321980699356375910102912030197    -0.109995836913438616022631322267     0.218089781275655397729806850293    0.0748024502488146697531945505943     -0.17736384813795039172568124286
 0.000934614448986772084621010847627   -0.0392908225423072438031724118446    -0.107061430821844522087715745329     0.142719007607111758595408446126     0.258576912227261201948635971348    -0.320454051758955804629636077152
   -0.572512941812431730426169451675   -0.0218037090339325695387273640335     0.586251183008651310935022138437  0.000387735109921784185972593039793    0.0136583135606265920758417564684    -0.516131430484320197216163705889
   0.0179077423968016791189228342773    -0.526641966152664342537548236578  -0.00481362532572010733133982540721     0.665919325121939853495689476404    -0.447874866039703889430967365115   -0.0153905828460865826134984502005
  0.00328075978338597876171611744667   -0.0740334199934487569016994257254  8.77476304266446157590492171963e-07    -0.309352959114519820982280862154    -0.352830639374986598788552782935   -0.0112369575841849110575676462531
  -0.0603288840537275078412804418804  -0.00247878663112534140811060723308    -0.318754902688472896432614334117  -0.00744053702521489581517277756006   0.00274714982813575089165558651416    -0.284195719320088802106738512521
   0.0452940191814377099421840000559   0.00263692948142955820717281412158    -0.216282466700002146131609492841   0.00113062568174747001166491333635    0.0145109939355672571542621440699    -0.353497192820058425688500847173
-0.000826713497138122956064965052292    0.0450616454934273449883797013626    0.0026355272616645649373656734582    -0.166681230882119529868035101572    -0.290361738987530981770390781094  -0.00619394272157584076937686390352
    0.548963398811358804785243137303     0.611647684890161635884453517065     0.292109412142858404504153213566      0.27573887833966109761618668017    -0.234445973317206124431066882607    -0.266548636179226861031565931626
  0.00364867001724807505508296756602   -0.0659255492187556801919612325946    -0.342553207039281992773993579249    -0.265641079758739906413467224411    -0.299789724917043087781820531745    -0.197294632208532577655191175836
   0.0626533489458093034718544345196   -0.0322774622807295574755670486411    -0.156866630466246048669631818484  -0.00814327829034091135729234167684    -0.266880211543371381743838810507    -0.141828094728319281658812656133
  -0.0461510792769454294970365992867    0.0275831743040202796712900834564    -0.115064486560649895108277007694    -0.228959314501508831574128066677   -0.0717575624901342218331379285701    -0.186506824127360443243972554228
 0.000469524896773799559762663236029   -0.0387838185150249856181225993623     0.107054612018977146625786645018     0.144951328727744188640258471423      0.24430395965123810619878952366     0.334871959437322508357226524822
11
13
5
 0.0917698517489006077019197959999  -0.285984693787799781894420902972   0.385513106973277952516099276181  -0.424427425048584716638089275875   0.150404415995408241579767150142
 0.0548038084313801354685580236037  0.0909127794198256039548411422402  -0.209751230740342242686580220834   0.361205476558124627395329753199  -0.262131932598343608820101735546
 -0.592849360655876567172128943639   0.507927518508674347152975769859  -0.268643574784390493093155782844  -0.258296040491635126024050350679   0.438910139458276726820429303189
 0.0643254064378624562658970376106   0.193752201082180192104331695191    0.27448978721923850132569100424  -0.300637907029324580321372195613  -0.119338065359639047824380497786
-0.0353504286446657822740036181131    0.27881568531592587634193591839 -0.0125924200288759953469952534988   0.273338216777991305228567853192  -0.241344869777273790534266595387
-0.0305172042299365585404924416935  -0.187543113341207767774676540284   0.218717548916700726957529354877 -0.0693775124184607128174917534125   0.308162432386945628337571179145
 0.0386752537417344235959326681495 -0.0569239358611489595918264683405  -0.147141168281716555599203388738   0.250171752144341563717233611897   0.193424963759737694735107993438
  0.591687116053567052631478873082   0.513112547140056052263901165134   0.269799814206319210629914095989   0.228435770857171649428352111499   0.449944237862363038971125206444
 -0.524475700573717729113809582486 0.00308881959024726428578166981254   0.660303186912976403100117295253   0.459321293781653650079022099817  0.0098992604797146846462574387715
 0.0381079972925128449001697106269   0.340388078018782014311227612779   0.156378343280102860557434496513  -0.173265147765835153537139490254  -0.197275176958456782694284470381
-0.0350703284768464421117251106352   -0.26920702805933127699233864405 -0.0155323111333423805741071888065   0.270409076260894609688989476126   0.247651861216718616187648649429
 0.0306945683481941247738866707095  -0.188413830842403040577437423053  -0.222948525590973251064852433956  0.0619634822248848679548949291984   0.312109878808017882079184346367
-0.0222997537493561000243591507797    0.10552789041423643601191884045  0.0838443256991365376551428312268  -0.141558249248568662759240055493  -0.333088127811740242201210548956
12
7
2
  0.395628009170334193900231412044  -0.228409851442225392270657380323
 -0.121463714336187286746415736616     0.3826348144767642289743037054
  -0.72592098682631689410271746965  -0.624035939253784976976646703406
  0.280569328297193332222292383449  -0.163050959052242955271694313524
 -0.384575806109298090618153764808   0.345209588199435757349675668593
  0.259886441911915677671629509859  -0.438298445153418370079378973969
-0.0872072475731873880677724741872   0.272282726182795087321864002661
