5
7       2        
11       2        
8       5        
9       6        
10       5        
5
7          7             
11          11             
8          8             
9          9             
10          10             

7
7
2
  0.70986306187610448414915254034 -0.644251447417568345876759394741
 0.301960927849791949117985723205  0.171525612024866408455991972914
 0.339388985788258712439358077972  0.314920437694578059240058109935
 0.289107146243923418538201985939  0.410335368926960541990922592959
0.0961604420766854900426423569115  0.280051552897520039664414071012
 0.423499240715220881536851038618  0.239473174154483992026598571101
 0.132467989512691508569020015784  0.390118913191552785235671763076
8
13
5
  0.594120143611203910261053806607  0.0333472518412253893238528235088   0.581329296129147632399281064863  -0.499589758567348884987779911171 0.00690459403600883828144851861452
  0.568879801797653739114934978716  -0.510523321648056693788930715527  -0.263734702555232125575912505155   0.278748446637555324922885802152  -0.453935086348791205779207302839
 0.0364261186898260230782042867759  -0.362183184811945890757556298922  -0.177045409408761428293743733775  -0.161911417526087508811372117634   0.202136760626833777987343410132
 0.0264506711955978419947843605087  -0.235121779335235536745329909536 -0.0247427877611018087744554350138  -0.245840447731226791061587277909   0.221343766197210939372652660495
 0.0233729112875429682893990701587   0.208822508590136624029298673122   0.207771564402010749939009315312  0.0589407613451672363069633320265  -0.286831978540512566588915888133
 0.0215962755555796880047036978567   0.120579959122133706372892447689  0.0926534492843148066443248467294   0.153090821912488711520339279559   -0.34372578314098894969319530901
 -0.550698149489756594299194603082  -0.490072444184411482037688756463   0.285623110136527857960686560546  -0.314248633618439465742255833902  -0.460545018366152636435373324275
-0.0621065758144707033561182640824   0.205186341961809126654969759329   0.316822820267411653372136015605   0.272481038078702497706728991034  -0.117060920294177459033413413181
-0.0262186700381189276287674516652   -0.24359009742902831829880483383  0.0347692517193907840722388868926   0.233855761417175955774183648828   0.219086095498540411874444089335
 0.0241641469397947672437254595934  -0.212753593637907106872475537784   0.211282680810070899735109151152  0.0409561135776391194163181808108   0.298867070943706014674035031931
 0.0371484019469944734548327858192  0.0636044374920334554257550507828   0.159289895160757505321313942659    0.25637988425631064171028583587  -0.191526264451711419889434750985
-0.0885841403932056126180327737529  -0.304707836440596402383107488276   0.452232484598544592913071937801   0.372963711673454045847364568544   0.165549442630364640471896109375
 0.0522845758276689887011912105663 -0.0994161406872305641879705717656     0.2260426189121694795503003661   0.353481421232529569032010385854   0.276421397426050763357352479943
9
16
6
    0.54902682398797075791208044393    -0.56857390546882968784814238461    0.295425000319920638691684189325   -0.285814075657374988548298233582    0.305934522942157449687528014692   -0.261223265375962021561662140812
  0.0631172160978367702277580519876 0.000521252503990994164179140213378    0.360847993049581206026488189309   -0.307691858257059969172786395575   -0.267229223580414232408486441273    0.199495534496060555884611176225
  0.0258046470653447469756347487646   0.0721326315856456179442801612822    0.140167192194322581810794758894  -0.0317192933075989905167269000685   -0.241733093815968552720008233337    0.127634217940541999647408033525
  0.0222260309502966546535418501662   0.0520755759983971416859915848363   -0.120356878521655247249455555902    0.212486249273287519656605581986   0.0487713373363386770709126949441      -0.165039868530988231842826508
  0.0366631982897682451305598760882  0.00110126621442596249640655248214   -0.122112443491718569710258179839    0.166594233481198783497490012451    0.257758023461664209641241995996   -0.344559090349196572855561271354
   0.614494605722801345848438359099  -0.0203432427087885669969580249017  -0.0286406458918428627469232594649    0.566935696020165802444523706072   -0.493008634378486687577236580182   0.0104964386461830171126674571269
  0.0193775140203841511610249881414    0.570343098645087587250657179538    0.576440194642606429376030519052   0.0183390194961966374043171867925  -0.0234501320692074508023061696349    -0.52834812665523078756280028756
 -0.0718337753289121777600101381722 0.000584878294142482119816195407225 0.000710487762386129151348512777986     0.36482782735105317994950269167    0.306570896050836427804142658715 -0.00427750568931370943326353284419
5.48672765060724890173737833265e-05  -0.0722350785417432139645654842752    0.274786902661638854361569883622  0.00648699940762634610913472954508 -0.00213359481701445256179860976431     0.25575793231069865463211954193
 0.00104640689860468604627241617777  -0.0511441402745846721011879765229   -0.245575919695352778981956021198 0.000833038428295494043362978686673   0.0117667000534427221986044642676   -0.339011144253419327565524099555
 -0.0419377664937140709477958466778 -0.00127417990893073217878450620333 -0.00633135367238652282950717165022   -0.189950284372010558264776136639   -0.291594270944846856163934489814 -0.00539929022867823276560228507037
  -0.548354381248522981806559073448   -0.572146099788534034935594263516    0.283909624193697474048292406223    0.282272052504927539740009478919   -0.309911164158695073833627020576   -0.267818937073104001989065636735
  0.0627762642708992596451977874494 -0.00160510167453712542830202014699   -0.365874498570549155918030237444   -0.316904968092207139918059510819    -0.26263624903178128811020997091   -0.199427947180546766281494797113
 -0.0261494445788613104342257287271   0.0728938098689637659077789066941    0.139921417687291826936757388467   0.0290653997727181485910552538598    0.232730256277461439173848134487    0.122520439344677767312674632194
  0.0236942965041954320404293810043  -0.0509707397364776507164840779751    0.127149516680867297191426246172    0.225436820493747025473396661255   0.0597113595869071742128220137147    0.177352874979950447809073921235
  -0.036111262062288804197685010422 -0.00113785891945569327815546145644   -0.119563165298031959249414057922   -0.164248031802378846588652550054    -0.24944933069473229636514588492   -0.334814106470422423456057003932
10
13
5
 0.0891163737961017526911788877442  -0.299425297347462038288767871563   0.441115601539427304444984656584  -0.372274680265140933688172708571   0.164996301631057801229118808806
 0.0506570221136706591580356473514  0.0995675546587271309562083843048  -0.228115041213096864103349048492   0.363836151495573578706910211622  -0.281294343885926889647919324489
  0.548367295008670097011815869337  -0.500859446441872857569421739754   0.289001635233717468764780278434   0.306698984224502535500533895174  -0.454403342148519517884608376335
-0.0621096667258740839367980868246   -0.20458580579865084936308505803  -0.318959573328038814565843495075   0.267335468978274204410183756409   0.108387164466468857715319984436
 0.0252261759799871330967047100557  -0.244210558992118548227168162157  0.0282694167985137398413364451244  -0.238343104479020989616699921498   0.224812236233781131966580346671
 0.0255949910267176464206961838954   0.207767665493650804942049603596   -0.21217199913192852367416207926  0.0563229544090571923597998704736  -0.291127810723674329551613482181
-0.0354083749190609170520716020292  0.0749536678783666449055189673345   0.158681642796522553995330895305  -0.255145821978931430784598433092   -0.20117173876080204908411985798
  0.633684870735889083093184126483  0.0177423346606434551020470280491  -0.560595407951079760522361539188  -0.478856753246494126763366239175  0.0108819506868227233037371703972
 -0.527118770714966267121326382039  -0.500962266814454770802456096135   -0.30212948814049511714330265022  -0.321483372349273766044319700086  -0.459547023600773929530305395019
 0.0362095624433009660725346634536   0.364552704050507214716958515055   0.183982003596077581253354082946  -0.155775630495723238500005436435  -0.201839241820489651013659226919
-0.0258667384151877836895305762255   -0.23570809493368910514377034815 -0.0297460717832595256115979509559    0.23685882591970611188436635075   0.218709096853104023594482896442
-0.0240810975399878279823440152541   0.214869397010558321747808463442   0.220220665157666112277112802076 -0.0608008388969372218224584969448  -0.300168252120669443172573664924
 0.0202925329744874996529269139955  -0.115702994932735031552439863844 -0.0913599022930630527694617626366   0.147319228110343536375381745529   0.331176559615210808207308446072
11
7
2
 0.419256017734529584650715605676 -0.230582271806486521770196418402
-0.138855557900703141527287698409  0.393759024937717527770075776061
 0.711190874259567618054234117153  0.643020828495624030551880423445
-0.302418709570865640312575806092  0.171611033413132940683709648511
 0.339993564747557319716264601084 -0.319525326840149948015579184357
-0.289952036058785334038390146816  0.419210515883498224809500243282
0.0895889659527668441585390723958 -0.266506327168269829819280403171
