5
6       2        
10       2        
7       5        
9       5        
8       6        
5
6          6             
10          10             
7          7             
9          9             
8          8             

6
7
2
 0.407823569076163183755312502399 -0.231352683485464782897622626479
-0.126304767819264474049134605593  0.355528175406784219259037627126
 -0.70470473511223896689870116461 -0.654316249031869023866647694376
  0.28820479311409674672006531182  -0.16304308611396883810229496703
-0.400114935684215577982314471228  0.351067055864086596805861972825
  0.26431127450061486783283726254 -0.422598931344165207324437005809
0.0900214645672264002218554423962 -0.252041496926572350378847886532
7
13
5
  0.0929571055748849711664050232685   -0.290354812742377899059675883109    0.475441442190177254722982524981   -0.363521747040100318137945123453    0.160118227104102978097799336865
   0.049750932016546997593842149854    0.090825142354981305836680860466   -0.249842747898280259644110401496    0.279526743730565407908272845816   -0.249099459890626706570770920735
  -0.598499397442601166474673846096     0.49666361348529791674977218463   -0.206066869001473418343550747522   -0.292886623746951069158228619926      0.4619829088025879659795691623
   0.065699360705412865324426263669    0.202755964852450787372362128735    0.336314968190895957622643663854    -0.25668696551706138286874647747   -0.117298690440196029527442078688
 -0.0346341051397770077757698459209    0.284822391085243320496545038623   -0.068207013037171873581776537776    0.277534103043559909895776627309   -0.247120317285280305386052646099
 -0.0294890204504023485665431536518    -0.18778181073619781837891196119    0.219245485398721406955502288838  -0.0160137494225883122989095852517    0.298117286649281554300472407704
 -0.0351033240861870279858614196655   0.0623799914907653754725380679247     0.17653070556023114923149819333   -0.196719002260624664657484572672    -0.17858219183871662516516209962
   -0.59765589821370668222044741924   -0.498256372487887622124702602378   -0.208846167820809280879501557138   -0.284532345368345596092751748074   -0.465209585400110536834716867816
    0.51180572262071233335944953069 -0.00048499342413217368715633304177    -0.57231579945014765531396960796   -0.574142102757015160285902766191 -0.00242806608172368163303667110142
  0.0380443474744298765211070190162    0.351937498355886113632351452907    0.193784708339228728402048318458   -0.147727532176353815174252304132   -0.199218318248673309511787010706
  -0.034665039005021817952734153323   -0.282101681497762324379863230206  -0.0683585755668673633600462835602    0.276906767696002253931197856218    0.248731891010432276667430073758
 -0.0294593940420546096525811208267    0.188423594756802953442686998642    0.219784576813121579341725464474  -0.0142488785969108449486197898182   -0.299548280763037133578308157666
  0.0202473712928138427358248918608   -0.110356799914618275426647642234   -0.101912168961348900686481044886    0.112979466894584365532772096685    0.309160049614657261862760151416
8
16
6
    0.579838459478884571396406499844    -0.591179180935430870214020160347     0.287062182355841910563754026953    -0.207240959730042390019022491288     0.290614390114085685556943872143     -0.26582123300682075628387224242
  0.00069707465109488655694014447306   -0.0656599724622324992795441289672     0.353957833477698491364549227001    -0.335509992773396936716068239548    -0.258805443686859815155543174114     0.196562476513221701113209860523
  -0.0610602463292051478305211276165   -0.0352296818290159449715837070016     0.164585333964142932483554204737   -0.0694803828918621330101856869987     -0.27944280337003607472823318858     0.141618092770428805060589638742
  -0.0420106546505827349591299935128   -0.0300855106211152141526543601913    -0.108772482274414689085162422089     0.219040408090259791640264097623    0.0163995236810689989925826637318    -0.171898761115222703521610014832
-0.000254059179016152651697790787466    0.0351909617612913630524396069177     0.110636754151664476464311803738    -0.176654868806628895239185794708    -0.198578024595428087595294641687     0.305239642390230991875199606511
    0.572586245321636932992248603114   0.00750917413832555280528424646036    -0.573408392910030650924113615474  -0.00123099768724971151724612017375  -0.00424988480063453414464769153369     0.536204882501039703512901724025
  -0.0059496076642029521730492547249     0.512138247526353174166047210747   0.00129167702886759470232158619751    -0.572529774149768799773596583691     0.573592442022727522221714480111   0.00406102047895909919889012584804
 0.000860294856591606836582197814778   -0.0758157466243869621047579698825  -0.00020999760508189335142179010596    -0.387708797451398190503368823556    -0.296866585019230300179771120384   -0.0037082320870172841113798778423
  -0.0614617760297547083281344271199  -0.00070807117737187738951143423094    -0.327431578622063068628733617516  -0.00107797060625952384645132031693   0.00153011653016527321251316617889    -0.286009754734962373667883639428
  -0.0423266140267410870268172118358 -0.000788545034452238675914959031843     0.217806208449972948937300998296 -0.000561133134583933742070560590776  -0.00324565859771838586059211628765     0.344649909882027094543133216575
 0.000312582546826307809684220018198   -0.0405640492571068961291658183654  -0.00112767671757577005349493237674     0.204105484538367409896864046459     0.227221615183101993684644526184   0.00127633881350504491992980948822
     0.56494905042603626998953814109      0.60459172032447194844451132667     0.286710167938777849006015685518     0.208522689247655296229666532781    -0.286931985729842686794199835276    -0.270627177824076803336339480666
-0.000794811922681092422604542946374    0.0658831820485975272472245478639     0.352558092853941851263499529523     0.335210123338676058146745617705     0.254934575405686481008871169252     0.199535662595148155507018827848
   0.0619241040245469345770779057148    -0.033848648258904233399047001285    -0.164232420610155666063079138439   -0.0686224438938576458690832282628    -0.276543650818292408022358586095    -0.144380915974521017997034277869
  -0.0427841835474067483380267162829    0.0287140869637072804199107167733    -0.109427066687220839180660902912    -0.220949560419915064235496515721   -0.0141842444092830609336797209608    -0.173257443322374554695031179108
 0.000288433796540732076407742567881    -0.035110327698552039332735574817     0.110685259427927062958474380139     0.176989493906963335501103529168     0.194871028869126439175829546002     0.309638383675640449510524376819
9
13
5
  0.598315523791940306885805966886  -0.497088162575794356712322041858   0.208640611069728476589801857699  -0.289702038345038492828109610855   0.462620063081671140103878769878
  0.512218368706654492150676105666 0.00272446224845321761237615376672  -0.575020604653803446559834355867   0.571222963872765832071820568672 0.00463659660309084786788957899262
 0.0377618299696040951585196410178  -0.353980674945631734740203455658   0.193496068571337415109567814397   0.151962817679976686102705230041  -0.197816192609823776615840529303
 0.0343197618238477442087486224409  -0.283368918490940868704086597063  0.0673443978110918606283519238787     0.2811581096724528605612647425  -0.245940536721413277598813351688
 0.0295665010086893116636463929581    0.18855317996575127192926402131  -0.218421931319156298334505095227 -0.0192634649592267094553310613492    0.29774483835654741437082293487
 0.0203169233873399697476447300915   0.110256947891079495893684736529  -0.100866972918327871266974682385  -0.116375496771874489820852716093   0.305398619228937850955674093711
  0.597558865103961833753487553622   0.494886424276026748447776526518   0.209617039547432687518480065592  -0.285789335788964260487432511582   -0.46774305229369111946979842287
-0.0654352667740812216079504537447   0.202704040095468385196397775871  -0.335553228407915904440983467794  -0.260129581031185053152654518271   0.110767431366235194478697678733
-0.0343204640406046951328633554112  -0.285460053053910867149056684866 -0.0684852642520220461497260089345  -0.275777957980368360058065491103  -0.249130801664400380879271779122
 0.0298063458676667766833467965171  -0.189028688421646551276467107527  -0.218677039251238769512752924129  -0.012278882378187647508860358414  -0.298663996184958646651352864865
 0.0351428039483212203974993315114  0.0646079731181823518904039360677  -0.175059743309392945587177337075  -0.198897776241083956705324453651   0.176382738848496062322723787474
-0.0929029909772749046270590156382  -0.289731872514150112785102919588  -0.473966207401824601852524665446  -0.362908264327325036369131794345  -0.163880776282935070042867664597
 0.0496935934200603002253160411783 -0.0908143249529049650936585180716  -0.248248033415460200856728079088  -0.277326894568533544038757554517  -0.253250419497139445113020883582
10
7
2
  0.700530362550478180594382138224   -0.65876715086995207837361476777
 -0.290424593588868074078845893382  -0.163248161400823182942687594732
 -0.402790362056861195316770363206  -0.349983990619988361014947031435
  -0.26625145870092475908208484725  -0.420868613188246087908339632122
-0.0898966298517644285537286918952  -0.249529362261138892842282643869
 -0.408905175407833831879855779334  -0.227645836650407357160119659056
 -0.128436774419760452170535813821  -0.354498470944421162354132093242
