5
0       1        
4       1        
3       2        
1       2        
2       3        
5
0          0             
4          4             
3          3             
1          1             
2          2             

0
1
1
1
1
2
2
 0.706692661973871705249905517121 -0.707520658010974967666584234394
-0.707520658010974967666584234394 -0.706692661973871705249905517121
2
3
3
  0.575241484371736055969392964471  -0.708530833169376816904616589454   0.408755786633180906441964452824
 -0.577383325665719593366986828187 0.00226105380821239182465021144708   0.816470074698926295830858634872
  0.579418441112289350769515294814   0.705676233186285806198156933533   0.407793236843157436144480243456
3
2
2
 0.706687383764412868636384246201 -0.707525930004130332306999662251
-0.707525930004130332306999662251 -0.706687383764412868636384246201
4
1
1
1
