5
6       2        
2       2        
3       5        
5       5        
4       6        
5
6          6             
2          2             
3          3             
5          5             
4          4             

2
7
2
  0.365375532403339697840038979848  -0.346354747413511965259402813899
-0.0652049963742952487510962100714   0.220692977033620174598382845943
 -0.787169850650045743734040115669  -0.592095630912244152987966572255
  0.258140091920815994974702789477  -0.243542791357537369290042761349
 -0.378334028296277047331841458799   0.491508576288867793380177317886
  0.175136036752875839939136426437  -0.394147703382505931735124704574
 0.0465519022501723958584740614697   -0.15655535384444221880251291168
3
13
5
   0.104714369930261147478844918624   -0.260792616626444206939794412392    0.584285538455461384010902747832   -0.369520674561187811857365659307    0.240185043951211235624398909749
  0.0192058532112259101876095002126   0.0467955635820890489262602329745  -0.0848025020231999437925196616561   0.0632361600273097512747710879921   -0.155490003763114004176060234386
  -0.640152993735464859170747331518    0.553215743910231205759941985889   -0.100160012436141004910084006951   -0.275397133732326104826881874033    0.418507244207127371282695094123
  0.0738113032311064898305374981646    0.181329526956862302489170701847    0.411819447845643671346493874807   -0.261399424005961833472611033358   -0.175262885389657729895418469823
 -0.0376228326609601079755229591228    0.270355254695386459928840849898   -0.114916352488103057361001901882    0.317788823749746984770325752834   -0.346447034833897993255646952093
 -0.0230350241366744680482359086682   -0.124569874911919967197526659675    0.147079620537909239175178299774   0.0598778055210077847503313819288    0.278931849133827736153534715413
 -0.0135895746091661273613482308065   0.0323950612634029619374409492139   0.0595844103812749881221577652468  -0.0450035692040135493208197203785   -0.110254814562783090559072718406
   -0.63734585620726158516902160045   -0.558260452960918196474437991128   -0.103891829997024329190757896413   -0.266033104991246771575674756605   -0.421019295335685050929441786138
   0.401549174874553160830004117088 -0.00256283690667681498392971306544   -0.575488561813539356570856853068    -0.63927763021723227332415717683 0.000200212988784801093839274543917
  0.0426642202776764331573211563864    0.315149311776414919883393395139    0.236631956918995800531746453998    -0.15033820843532405553411024357   -0.297565517794311340527002585077
 -0.0376861832580721381469324171576   -0.266756237806060170214550453238   -0.112826341008801789289606176681    0.319983790079353791480087920718     0.34858801619853241327007253858
 -0.0231862734348368543235707761596    0.125668778781336504257737374246    0.146739642553440463590419540196   0.0596888446900011443441158576206   -0.279612591254973508192449571652
 0.00785735347655488677864887847591  -0.0572568743406079785907003554257  -0.0341407176884522406412614259352   0.0260489386711525126860689027808    0.191793200260893942354911700932
4
16
6
     0.58477186312210416296863968455    -0.629504660189390108371298993006     0.319231019716708530609139415901   -0.0985674130358436401122546044462     0.273659073453518364438252774562    -0.241007351659679486255427605101
 0.000824239815618444358891192536021   -0.0739352107538267105946161450447     0.317252108091029438874386414682    -0.416598623580696825197122734608    -0.257951725356952210610472775443      0.29425025268213300666531040406
  -0.0578338380442913191359366464894   -0.0385441721860294086998699469859     0.156317944581745305043796179234    -0.120794876180346483218741582277    -0.318789185413586584338929696969     0.198216477669753671220220780924
  -0.0244081026203375427152675314346   -0.0235478553048836664052245737366   -0.0724317466453569674955659252191     0.146776738322277194859211135736   -0.0607647701558275826760890936384     -0.16136034729289472355873158449
-0.000130209439833427030467141727321    0.0135967097100793514463656919133    0.0573305316032088410627132191166   -0.0610620541258042048848864169486   -0.0442443429702714247087058652141     0.190165769999121908595540730857
    0.574123475052902065840498835314    0.0116605650747929161237248507632    -0.640541223014880145569804881234  -0.00219674119286308216006387006303  -0.00436506061324051265748469319306     0.485609538364102366614361017128
 -0.00646880313207623836718740406582       0.4023586579751511349556380992 -0.000191072763206681151861021650262    -0.567310213668406282394585105067     0.646402710598843244227396098722   0.00129368209545591508237427635919
  0.00088604252922136190855073589745   -0.0851769685163816375750300835534 -0.000275724263836377961496559851895    -0.479443881490509149490009122019    -0.295802506286106658972556715526  -0.00520687399596736315288136864865
   -0.058225137613667689306939934113   -0.0010735388215784603949121134292    -0.310110406327189447317493886658   0.00118727788686573800316925719756  0.000481297250797325069926468898984    -0.401197356060189302962015744924
   -0.024838892422413268862291246819 -0.000683983918197347677027375656422     0.145466328047279769286603823275  -0.00120373289414322419757508164651  -0.00197304369187656456624546663647     0.322433289385886723277252485786
 0.000148662426382029436155995938407   -0.0157215084519266509732737802096 -0.000574273395666262918834998885131    0.0702260561348062445352624649786     0.050564693467128510317998291157  3.94430818845772996543257160607e-05
    0.562416858193116930841881639935     0.647310922639151575808114102983     0.322258857800979070518110347621    0.0998606860063496470925059611545    -0.270995986283636303149080504227    -0.245116050031181281765313428878
-0.000693856285157616126460511374319    0.0738973796695566870207372289769     0.316088228185480046850130975145     0.413122769681631196725390964275     0.253150784876483680996273051278     0.297941938708620901454793283847
   0.0590055811851356790120881612438   -0.0364876644195995109010155488249    -0.156397010785188306236648259073    -0.118656139614560438011459098107    -0.316497673780799571030541983419     -0.20259381407047491463480071161
  -0.0252632242810970839008710697726    0.0225900910752235006828669838796   -0.0729736491328218522811610569079    -0.147778950172521045258733352057    0.0618325436839726738647016190953    -0.162205278613913456142725522113
 0.000127005802187305454455448772144    -0.013644284462220580833591299097    0.0574810672940109373962869199204     0.060493719952721458632538542588    0.0431441309229544170400494351725     0.192011076921740825307338695893
5
13
5
  0.639897248283962771786548273667  -0.554364551788776194207741809805   0.107724726853674027116092304368  -0.269680884703210610453538720321   0.419011252614971241303720717042
  0.402435334992881144078324950897 0.00249089535639670503139320167918  -0.588843768403262468602576973353   0.627165954139104475650867698278 0.00284810454717764277923763849287
 0.0425543197218067811848918324813  -0.317129176632820530823408944343   0.235871353963070740089591481592     0.1596760104939092261844280074   -0.29551702901862980654712487194
 0.0369759438859469380389555226429  -0.267833460334389761303697241601   0.109109376793783185988218065177   0.323804349468231777997573317407  -0.344267811858518513190574594773
 0.0231026066703537945323798652453   0.126447333986271975847515136593  -0.148944025320752293506387786692  0.0533227834765908695335845379759   0.279294880594170513710139402974
0.00783797540555466153155972364175  0.0573125469321182218207511027686  -0.034185360532744783756964324084 -0.0278785275836198678800492700702   0.190075365257468542612429018845
  0.637199752959304865917999904923   0.554413237257001534352696126007   0.109484662743232957771155611226     -0.267468363246324725146507717  -0.423882324901297569130775855228
 -0.073609805618599796761536424583   0.181194662608732792730137362014  -0.407351891030918400460336670221  -0.272860172841739356819346085103   0.165715267226291124158521483878
-0.0369529752556572582689042860693  -0.271536108151519683939767446645  -0.106916622840612776657032156891  -0.317628382883915205692204608567  -0.349674735151508098152106640555
 0.0233621568129919188194776324963  -0.126203924936452854810298163102  -0.148274840851307571076844737945  0.0588621676329870516242159794729  -0.279884627041958211624006480633
 0.0136047125247821098364964242933  0.0336603718017837658105229081684 -0.0591994837845534471743036419866 -0.0470044502939717112610651383875   0.110263195454014029106559746651
 -0.104371673437520851024373769178  -0.260536933475731591336455039709  -0.573521859318335325284010650648  -0.378519997166157473600378580159  -0.244666662397638678960731795087
  0.019294613659701104896315726478 -0.0470856588344596566075850319066 -0.0836321540487866554869356150448  -0.064323553538808739271637193724  -0.157070668754433234726164414496
6
7
2
  0.783175131318729289553459693707  -0.597029421367736845560614256101
  -0.26067488785744413748446390855  -0.243442097744916041701657150043
 -0.381469690953616102913059648927  -0.489667468882208800629030065465
 -0.178629509478230530383768837055   -0.39503373456083679116090934258
-0.0468034150274660651347424789037  -0.155221873098469048679604043173
 -0.366872635294224924695782874551  -0.339969373654571360710008320893
-0.0668700199323862265465834298084  -0.220891214476699904167844579206
